   2.5214071e+01   2.0857227e+01
   2.8340640e+01   2.1168809e+01
   1.9816466e+01   3.0570988e+01
   2.3619151e+01   2.1089308e+01
   2.8863072e+01   2.4336832e+01
   2.5981777e+01   3.0562848e+01
   2.8131069e+01   1.9677946e+01
   2.6535741e+01   2.4746796e+01
   1.8741374e+01   2.5079897e+01
   2.3069278e+01   1.4684367e+01
   2.2979952e+01   2.1339930e+01
   1.9149101e+01   2.5812991e+01
   2.7399516e+01   2.5356668e+01
   3.3485982e+01   2.6722365e+01
   2.2088288e+01   2.4550037e+01
   3.7201946e+01   3.1461768e+01
   2.2197782e+01   3.0419899e+01
   2.8067857e+01   3.3759622e+01
   2.9240350e+01   3.1422342e+01
   1.9490644e+01   2.5845405e+01
   2.3878833e+01   2.6771505e+01
   2.8766968e+01   1.2293526e+01
   2.4431613e+01   2.0638049e+01
   3.2805648e+01   1.6858592e+01
   3.3704608e+01   2.8866776e+01
   2.6503863e+01   2.5656095e+01
   3.1028183e+01   2.7624836e+01
   2.3065346e+01   3.3705096e+01
   2.2260757e+01   2.1995668e+01
   2.3422719e+01   2.4685877e+01
   2.5192352e+01   1.8636066e+01
   2.5158249e+01   2.8159658e+01
   2.2769656e+01   2.4864586e+01
   2.0485426e+01   1.6613750e+01
   2.8280131e+01   1.4473671e+01
   2.6190898e+01   2.7209523e+01
   2.7682836e+01   3.4060464e+01
   2.6005204e+01   3.0831789e+01
   2.3063078e+01   1.3409733e+01
   2.0046234e+01   3.0392756e+01
   1.7053087e+01   3.2629616e+01
   2.2711851e+01   2.3838546e+01
   2.2809113e+01   2.6556549e+01
   3.0402222e+01   1.5295676e+01
   1.8890502e+01   2.4517114e+01
   3.1573373e+01   3.0689587e+01
   3.1983012e+01   2.4012608e+01
   2.5781173e+01   2.5385543e+01
   2.9813848e+01   2.4592600e+01
   2.1848384e+01   1.9678802e+01
   2.5357801e+01   2.1605404e+01
   3.3397361e+01   2.6152147e+01
   2.7241714e+01   2.0140207e+01
   2.6060534e+01   2.3780949e+01
   2.7247558e+01   3.0244161e+01
   3.3311703e+01   1.1899051e+01
   2.4523530e+01   1.9722008e+01
   2.4047401e+01   2.3116583e+01
   1.3032976e+01   2.2835701e+01
   2.2913451e+01   2.8466589e+01
   2.6324224e+01   2.7803731e+01
   2.4778941e+01   2.0551374e+01
   2.5011756e+01   2.9626083e+01
   1.9983842e+01   2.7608341e+01
   2.2721241e+01   3.0731386e+01
   2.5295742e+01   2.3551620e+01
   2.6816117e+01   2.2107876e+01
   2.9182133e+01   2.3411108e+01
   2.2889838e+01   2.3044782e+01
   2.9090336e+01   2.4798796e+01
   1.5459037e+01   2.7793740e+01
   2.1422151e+01   2.3986115e+01
   2.1785075e+01   2.3336883e+01
   2.4919032e+01   2.0397574e+01
   2.4275083e+01   1.6849130e+01
   2.0945375e+01   2.3607248e+01
   1.5111294e+01   2.3533483e+01
   2.1669294e+01   1.5414639e+01
   1.8749672e+01   2.9608227e+01
   2.8913370e+01   1.7545476e+01
   3.7798560e+01   2.7433016e+01
   2.2904988e+01   2.8177747e+01
   2.1145656e+01   2.0675761e+01
   1.9580787e+01   2.7899957e+01
   1.7066372e+01   2.2245496e+01
   2.2543845e+01   2.1918720e+01
   2.1595265e+01   2.0361220e+01
   1.9492209e+01   2.3348887e+01
   3.5489238e+01   2.0220318e+01
   2.6532916e+01   1.8684816e+01
   2.0830276e+01   2.2720066e+01
   2.1916754e+01   2.9205442e+01
   3.6007226e+01   2.0406164e+01
   2.3100885e+01   1.7986718e+01
   2.0146665e+01   1.9435325e+01
   2.0915947e+01   2.9402404e+01
   2.1262492e+01   1.0765070e+01
   1.9370088e+01   2.3178746e+01
   2.3575354e+01   2.9081757e+01
   2.5593392e+01   2.1301341e+01
   2.5390654e+01   2.0082928e+01
   2.8214984e+01   2.2134210e+01
   2.0538682e+01   3.1825851e+01
   2.6991103e+01   3.0256031e+01
   2.0021906e+01   2.5533011e+01
   2.3173870e+01   2.5714691e+01
   2.9943615e+01   3.5462881e+01
   2.9410622e+01   1.5101803e+01
   2.6691122e+01   2.2292989e+01
   1.7421776e+01   2.9428573e+01
   1.7867480e+01   2.5356862e+01
   3.0200145e+01   2.3963714e+01
   3.1126317e+01   1.8144681e+01
   3.3590102e+01   2.4888690e+01
   3.2090338e+01   3.1321877e+01
   2.4840356e+01   2.0847138e+01
   3.0190541e+01   1.7655783e+01
   3.1904794e+01   2.7018142e+01
   3.5265883e+01   2.9234012e+01
   1.7637358e+01   2.4327300e+01
   2.9214332e+01   2.7373259e+01
   2.2169069e+01   1.9571326e+01
   2.8948974e+01   2.8249249e+01
   3.2760547e+01   2.5643698e+01
   2.7653598e+01   2.0722337e+01
   7.6967708e+00   2.8270622e+01
   3.5590756e+01   2.6159781e+01
   2.2809023e+01   2.4224284e+01
   2.0801742e+01   3.5824065e+01
   2.2811786e+01   2.5899482e+01
   2.4968774e+01   2.4784772e+01
   2.1917786e+01   3.1505089e+01
   3.0460543e+01   2.8068139e+01
   2.0671161e+01   2.7120388e+01
   3.0271163e+01   2.0356990e+01
   3.1523014e+01   3.0442937e+01
   1.4688253e+01   2.2369356e+01
   1.6337668e+01   3.0538531e+01
   2.4585130e+01   2.4446508e+01
   2.4680610e+01   2.2632552e+01
   3.2076420e+01   2.7221638e+01
   2.0714130e+01   3.4607454e+01
   3.0901520e+01   2.0808436e+01
   2.9466052e+01   2.4514529e+01
   2.4956749e+01   2.2580529e+01
   2.7371161e+01   2.9781547e+01
   2.6962836e+01   2.7726540e+01
   2.4880492e+01   2.9057963e+01
   2.7786744e+01   3.6931079e+01
   2.4406120e+01   1.8023849e+01
   1.5411995e+01   3.5385204e+01
   2.4434558e+01   1.9012960e+01
   2.4710912e+01   2.8702197e+01
   1.2076942e+01   1.9134136e+01
   2.6676249e+01   3.1451674e+01
   2.5317592e+01   2.4125162e+01
   3.2717949e+01   2.3588178e+01
   1.6679961e+01   2.2457511e+01
   1.6694298e+01   2.8359943e+01
   2.5028198e+01   2.4657148e+01
   2.1307951e+01   2.0174190e+01
   3.4295180e+01   2.6558574e+01
   2.4891645e+01   2.8172926e+01
   2.9090293e+01   2.7435459e+01
   2.3663788e+01   2.2879042e+01
   2.0860114e+01   2.9617203e+01
   2.5551725e+01   2.3545329e+01
   2.6122084e+01   1.3847892e+01
   3.3521955e+01   2.3400667e+01
   1.8540542e+01   1.9925464e+01
   2.4132400e+01   3.9791319e+01
   2.5864563e+01   2.5830762e+01
   1.5374553e+01   3.0880603e+01
   1.2951980e+01   2.2327247e+01
   1.9385582e+01   2.4141158e+01
   2.9031291e+01   2.0182946e+01
   2.6366763e+01   2.3867679e+01
   2.8039768e+01   3.1697901e+01
   2.7441943e+01   2.5423492e+01
   2.1861549e+01   2.3958277e+01
   1.4654074e+01   2.6483105e+01
   2.8650423e+01   3.4536437e+01
   2.0718676e+01   2.4435662e+01
   2.5111041e+01   2.4862045e+01
   2.5772665e+01   1.6926864e+01
   2.7302618e+01   1.8856590e+01
   3.1710310e+01   1.9699631e+01
   1.9106220e+01   2.2957404e+01
   3.4682993e+01   2.4154880e+01
   2.5857647e+01   3.2822974e+01
   3.5259168e+01   2.8848855e+01
   2.7764349e+01   2.1287047e+01
   2.2445477e+01   2.7814841e+01
   2.5076842e+01   1.8679324e+01
   2.2484258e+01   2.8438257e+01
   2.5482469e+01   2.0797057e+01
   2.7502785e+01   2.8096669e+01
   2.3917415e+01   2.1158949e+01
   2.6441108e+01   2.9873723e+01
   1.2871202e+01   2.4581799e+01
   2.5062143e+01   2.4720283e+01
   2.9088726e+01   2.0670370e+01
   2.4112092e+01   2.8014425e+01
   1.6754563e+01   2.8725624e+01
   2.4711192e+01   3.1999833e+01
   2.6195830e+01   2.2439108e+01
   2.5633582e+01   2.6433915e+01
   2.2959936e+01   1.8513973e+01
   3.0818318e+01   2.0742466e+01
   2.2758374e+01   3.1622361e+01
   2.5204658e+01   1.4972271e+01
   3.2216062e+01   1.9665201e+01
   2.2042717e+01   2.4453018e+01
   2.1244144e+01   1.4891660e+01
   2.4049284e+01   2.5630476e+01
   2.9981170e+01   2.5670670e+01
   2.2597762e+01   2.2227163e+01
   3.3924092e+01   3.1982306e+01
   1.4731111e+01   2.7205488e+01
   2.0270241e+01   2.7030659e+01
   1.8380889e+01   3.0385646e+01
   2.2739812e+01   1.5747392e+01
   2.0834025e+01   2.3457228e+01
   3.3049794e+01   3.1907052e+01
   2.0261522e+01   1.8435785e+01
   2.3793911e+01   2.2977589e+01
   2.5108630e+01   2.4386358e+01
   2.9670463e+01   2.1355873e+01
   2.1758081e+01   2.8805848e+01
   2.8685466e+01   2.6876874e+01
   2.5837880e+01   2.2305835e+01
   3.2829520e+01   2.8294072e+01
   3.1741650e+01   1.9732965e+01
   2.9248176e+01   2.6314858e+01
   3.1798066e+01   2.3695523e+01
   2.2745610e+01   4.4106924e+01
   2.4070544e+01   3.1588696e+01
   1.3715960e+01   2.9064510e+01
   3.0516672e+01   3.5032957e+01
   2.1587612e+01   2.1002768e+01
   3.3235993e+01   1.7848665e+01
   2.2789882e+01   2.3665529e+01
   3.2484081e+01   2.5537492e+01
   2.2668778e+01   1.9011957e+01
   2.4696480e+01   3.0946370e+01
   3.2058413e+01   2.1932219e+01
   2.5581208e+01   1.7891044e+01
   2.5871598e+01   3.5443116e+01
   2.9352147e+01   2.7939727e+01
   2.2171441e+01   1.8347904e+01
   2.3519835e+01   3.0834023e+01
   2.3569724e+01   2.0018466e+01
   2.1991524e+01   2.5881889e+01
   2.6034371e+01   2.4791366e+01
   3.0985278e+01   2.4801618e+01
   2.6878786e+01   2.1200168e+01
   1.6000621e+01   2.8016055e+01
   1.9668157e+01   2.0009296e+01
   2.7917559e+01   1.9455276e+01
   2.2237872e+01   2.7843108e+01
   2.3875143e+01   2.2517107e+01
   2.5194186e+01   2.8404493e+01
   2.3702217e+01   1.5807918e+01
   1.6638886e+01   2.2810248e+01
   3.3497533e+01   1.9000811e+01
   1.5626431e+01   1.9828850e+01
   2.5467648e+01   2.8060075e+01
   1.5070350e+01   1.3645106e+01
   3.0290631e+01   2.1354030e+01
   2.3864360e+01   2.5432697e+01
   2.8060883e+01   3.3615805e+01
   2.7232544e+01   2.7618119e+01
   2.1626905e+01   2.8689391e+01
   3.2096575e+01   2.2381073e+01
   1.5975947e+01   2.2637153e+01
   3.4324235e+01   2.8051316e+01
   1.9397873e+01   3.0213133e+01
   1.9373820e+01   2.5832877e+01
   2.5406331e+01   2.9543797e+01
   1.6482766e+01   2.7050883e+01
   2.6339802e+01   2.1489500e+01
   3.0053390e+01   2.1109410e+01
   2.5616024e+01   1.9075801e+01
   2.6430731e+01   2.7363691e+01
   2.4566504e+01   2.3298263e+01
   3.3299189e+01   2.2710841e+01
   2.5868465e+01   2.3061077e+01
   3.1606473e+01   1.9111988e+01
   2.9603684e+01   2.2215168e+01
   1.9266265e+01   2.5802934e+01
   2.3551825e+01   3.1298327e+01
   2.0785854e+01   3.6298138e+01
   2.8124805e+01   2.2909759e+01
   1.9895893e+01   2.3165412e+01
   2.9301906e+01   2.4178163e+01
   2.6066829e+01   2.2469668e+01
   3.1507412e+01   2.1880138e+01
   2.3307453e+01   3.0603163e+01
   2.0450412e+01   1.7841021e+01
   2.7571676e+01   1.5766742e+01
   1.9961799e+01   2.3381164e+01
   2.8378600e+01   2.7726696e+01
   3.1337696e+01   2.6309283e+01
   2.7816409e+01   2.0996562e+01
   2.3341331e+01   2.2635652e+01
   2.6395765e+01   1.8375812e+01
   2.4637613e+01   3.2866483e+01
   2.4485685e+01   2.2887553e+01
   2.5309525e+01   2.5278149e+01
   2.6814548e+01   2.0061133e+01
   2.3128969e+01   2.9205475e+01
   2.5059542e+01   1.5908555e+01
   2.6023398e+01   1.6824234e+01
   2.0378277e+01   2.3522813e+01
   2.2063378e+01   1.7969133e+01
   2.8178689e+01   2.4566939e+01
   1.9630214e+01   2.2133707e+01
   2.3435051e+01   3.0852814e+01
   2.5448949e+01   2.1071435e+01
   2.5880847e+01   2.5008713e+01
   2.3398903e+01   1.8999479e+01
   2.1293733e+01   3.3332869e+01
   3.4874749e+01   2.1642387e+01
   2.8306859e+01   2.4941363e+01
   2.2044805e+01   2.1048582e+01
   2.3712663e+01   2.1911190e+01
   2.5101420e+01   3.1803115e+01
   3.1862282e+01   2.2442605e+01
   3.4131584e+01   2.7369463e+01
   3.0870029e+01   2.9794452e+01
   2.3939113e+01   2.2624516e+01
   2.6580357e+01   1.5344954e+01
   1.3741784e+01   2.4611825e+01
   1.9147774e+01   2.1823929e+01
   3.2896655e+01   2.5667117e+01
   2.7769052e+01   2.0891749e+01
   2.4626580e+01   1.8893976e+01
   2.1984405e+01   2.7770365e+01
   2.4803476e+01   2.7831688e+01
   2.5703668e+01   2.5462829e+01
   2.4754139e+01   1.9827652e+01
   2.4316355e+01   2.2798004e+01
   2.2736133e+01   3.0428047e+01
   3.1223558e+01   3.0748491e+01
   2.5352564e+01   1.9757228e+01
   3.3356609e+01   1.9948503e+01
   2.9774255e+01   3.0639301e+01
   2.0150075e+01   2.1204524e+01
   2.5946361e+01   2.1131331e+01
   2.5447408e+01   2.5807960e+01
   3.1503890e+01   3.0469425e+01
   2.1240088e+01   2.8911337e+01
   2.6418396e+01   2.0852043e+01
   2.2530505e+01   2.5176117e+01
   1.8303007e+01   2.6872521e+01
   3.8551502e+01   1.9451904e+01
   2.2660326e+01   2.8596176e+01
   2.7998606e+01   2.1122894e+01
   1.7236292e+01   2.3138844e+01
   2.2907048e+01   2.9863069e+01
   3.1270320e+01   1.8203066e+01
   3.2391669e+01   2.3226154e+01
   2.4218374e+01   2.3509101e+01
   2.6029668e+01   2.9005001e+01
   2.3021406e+01   1.7692407e+01
   2.6618822e+01   2.2192268e+01
   2.5052646e+01   3.4010918e+01
   2.5894450e+01   2.4542294e+01
   2.6790889e+01   2.1600113e+01
   2.2787386e+01   2.1654923e+01
   2.2204115e+01   1.9027108e+01
   2.0288877e+01   3.1545210e+01
   2.7934031e+01   3.3002103e+01
   2.9858340e+01   2.2909090e+01
   2.2870571e+01   2.4754757e+01
   2.7342556e+01   3.4728012e+01
   1.8113754e+01   1.9466352e+01
   2.3397281e+01   3.2120820e+01
   2.3489940e+01   3.6220432e+01
   2.6508840e+01   2.5489512e+01
   1.9772982e+01   2.7520828e+01
   2.9510123e+01   1.9596656e+01
   2.6132671e+01   2.8378108e+01
   2.0336484e+01   1.7482181e+01
   2.4153418e+01   1.9394207e+01
   3.1474385e+01   2.8408715e+01
   2.4041940e+01   2.7242083e+01
   2.4554880e+01   2.6413432e+01
   2.8998625e+01   2.8301965e+01
   3.1269147e+01   2.2730312e+01
   1.8801252e+01   3.1975812e+01
   2.6362059e+01   2.3913553e+01
   2.1910569e+01   2.2749416e+01
   1.4650693e+01   2.0039242e+01
   2.3538002e+01   3.0619570e+01
   3.1705951e+01   1.0097068e+01
   2.4872191e+01   3.1161988e+01
   2.4490949e+01   3.3226343e+01
   2.2054925e+01   2.3781362e+01
   1.5970381e+01   2.5109012e+01
   2.3176941e+01   1.8821522e+01
   1.8413220e+01   2.0898515e+01
   2.6128122e+01   2.2829582e+01
   2.6633091e+01   3.2728880e+01
   1.8180149e+01   2.0370324e+01
   2.1966006e+01   2.2570545e+01
   2.1766368e+01   2.6807404e+01
   3.2756286e+01   2.2215269e+01
   3.0602291e+01   2.5202904e+01
   2.5605761e+01   2.9833405e+01
   2.9369011e+01   2.9730300e+01
   2.7711641e+01   2.1883424e+01
   2.8881111e+01   2.2378074e+01
   2.3745572e+01   2.0531308e+01
   2.7851875e+01   3.1698222e+01
   2.6791178e+01   3.2662825e+01
   2.0786300e+01   1.7357037e+01
   3.2726418e+01   1.6121675e+01
   3.6246425e+01   2.0023548e+01
   3.0478111e+01   2.6293883e+01
   2.3620899e+01   2.7040761e+01
   2.8307848e+01   2.4939140e+01
   1.6460504e+01   2.7140214e+01
   2.5392982e+01   2.9916457e+01
   2.3795977e+01   1.8743112e+01
   2.0799056e+01   3.1255690e+01
   2.9371206e+01   2.9764470e+01
   2.5481393e+01   2.4461897e+01
   2.2660543e+01   2.5732651e+01
   2.9478382e+01   2.4958283e+01
   2.8191845e+01   2.9475981e+01
   3.1100132e+01   3.1583705e+01
   2.0913879e+01   3.0291412e+01
   2.2295083e+01   1.7863696e+01
   2.0890222e+01   2.6669104e+01
   2.0132845e+01   2.6203295e+01
   2.2114289e+01   3.2489838e+01
   2.5834273e+01   2.5872018e+01
   2.1869022e+01   2.0939411e+01
   1.8513806e+01   3.1712924e+01
   2.4131188e+01   2.2573650e+01
   3.0278498e+01   1.8479214e+01
   2.4391585e+01   2.0531256e+01
   1.9238908e+01   1.7320454e+01
   2.4478196e+01   2.9313779e+01
   2.2469865e+01   2.1046999e+01
   3.1079273e+01   2.0568692e+01
   2.2259773e+01   2.3578911e+01
   2.2164852e+01   2.0097732e+01
   1.4580579e+01   2.5030859e+01
   2.8106227e+01   3.3585198e+01
   2.3573784e+01   1.5704959e+01
   2.5776963e+01   2.5587916e+01
   2.5390832e+01   2.2292427e+01
   2.4023587e+01   2.8685463e+01
   2.2375211e+01   2.8507731e+01
   1.8639708e+01   2.2002955e+01
   2.4395331e+01   2.0097003e+01
   2.6332683e+01   1.7719606e+01
   1.8431458e+01   2.3362695e+01
   1.9407075e+01   3.0657484e+01
   2.5617656e+01   2.8385443e+01
   2.2629596e+01   1.9805470e+01
   2.2451947e+01   2.4012999e+01
   3.0108314e+01   3.0153619e+01
   2.9130616e+01   2.7616032e+01
   1.9693821e+01   3.2253166e+01
   2.2046291e+01   2.6054367e+01
   2.8894129e+01   2.2024961e+01
   2.1195191e+01   2.1335143e+01
   3.4201845e+01   1.6759654e+01
   2.2651939e+01   1.8737494e+01
   2.0795139e+01   2.4967189e+01
   1.7975834e+01   2.2445789e+01
   2.9712491e+01   2.8410660e+01
   2.5759005e+01   1.8795341e+01
   2.4586012e+01   1.7393558e+01
   2.7195160e+01   2.0094381e+01
   2.8037817e+01   3.0080017e+01
   2.2687046e+01   2.5041093e+01
   2.0729065e+01   1.9319052e+01
   1.9931861e+01   2.9003436e+01
   1.5574900e+01   2.5577822e+01
   2.9560593e+01   9.9997330e+00
   2.2505475e+01   1.0501207e+01
   3.2718990e+01   2.8545161e+01
   1.9978794e+01   2.8980559e+01
   2.0214166e+01   3.2071371e+01
   2.1012059e+01   2.5686962e+01
   1.9185728e+01   1.9461636e+01
   2.1817304e+01   1.9223029e+01
   2.0890673e+01   2.6205598e+01
   2.5940166e+01   2.0502177e+01
   3.7269095e+01   1.8514515e+01
   2.1859827e+01   2.7245959e+01
   1.4968787e+01   2.3634598e+01
   2.6051195e+01   3.0132933e+01
   3.2808166e+01   2.9102534e+01
   1.9864795e+01   2.4788359e+01
   2.5063505e+01   2.1182245e+01
   2.7097786e+01  -3.0716856e+01
   2.0904565e+01  -2.0771241e+01
   2.4441335e+01  -2.0983762e+01
   2.9508844e+01  -3.1576944e+01
   1.9775537e+01  -2.9115949e+01
   2.3632991e+01  -2.2061175e+01
   2.5851590e+01  -2.4970148e+01
   2.6458349e+01  -2.2971806e+01
   1.5841444e+01  -2.4180218e+01
   2.5967033e+01  -2.3641034e+01
   2.7526813e+01  -2.8740496e+01
   2.4551365e+01  -1.8258574e+01
   2.9040586e+01  -2.0523384e+01
   2.3291146e+01  -2.8475704e+01
   2.8598916e+01  -2.6238273e+01
   1.6167271e+01  -2.6309673e+01
   2.8610283e+01  -2.1062947e+01
   2.6221906e+01  -2.3210554e+01
   2.1336403e+01  -2.9592209e+01
   2.4086907e+01  -2.5854226e+01
   2.1761633e+01  -1.9680481e+01
   2.8590139e+01  -2.1596827e+01
   3.2726420e+01  -3.2204976e+01
   2.3655524e+01  -1.8647809e+01
   1.7811006e+01  -2.7276842e+01
   1.8310200e+01  -2.0094849e+01
   2.1522567e+01  -3.0545872e+01
   2.0410482e+01  -2.9527699e+01
   2.5004799e+01  -3.4360019e+01
   2.4843495e+01  -2.4255150e+01
   2.8156737e+01  -2.8708744e+01
   2.0968056e+01  -2.7610003e+01
   2.6194980e+01  -1.4787250e+01
   2.5763391e+01  -2.6611463e+01
   2.3890654e+01  -2.7145036e+01
   1.9098273e+01  -2.4878499e+01
   2.6494933e+01  -2.4998964e+01
   1.7790294e+01  -2.5645854e+01
   2.9617802e+01  -1.8358504e+01
   2.0636087e+01  -2.7703816e+01
   1.8345550e+01  -3.2014766e+01
   1.8582117e+01  -1.5573744e+01
   2.2145563e+01  -2.9010754e+01
   2.2075206e+01  -2.2576943e+01
   2.2141630e+01  -2.9472323e+01
   2.9265736e+01  -2.9110560e+01
   2.3036911e+01  -2.1719921e+01
   1.8607469e+01  -2.4930789e+01
   2.0102420e+01  -2.8136272e+01
   2.3009208e+01  -2.6691062e+01
   2.9088297e+01  -3.7951322e+01
   2.8705857e+01  -2.7024782e+01
   1.4308375e+01  -3.5987557e+01
   3.0077077e+01  -2.2230606e+01
   2.9728145e+01  -3.0358341e+01
   2.7039483e+01  -2.1663155e+01
   2.3725368e+01  -1.9966506e+01
   2.6358286e+01  -2.7178889e+01
   2.8202296e+01  -3.1273227e+01
   3.3200070e+01  -2.5231011e+01
   3.0891184e+01  -2.7634000e+01
   2.1828429e+01  -2.7143284e+01
   2.4875706e+01  -2.8759475e+01
   2.0230677e+01  -2.7275925e+01
   3.1745645e+01  -3.0566030e+01
   2.6958362e+01  -2.6378662e+01
   2.4303630e+01  -2.7066490e+01
   2.3612425e+01  -2.4237299e+01
   2.8301432e+01  -2.7084807e+01
   2.0628050e+01  -2.4232035e+01
   3.0530623e+01  -2.9154038e+01
   2.3854324e+01  -1.3887606e+01
   2.2452542e+01  -2.1271153e+01
   1.9694021e+01  -2.3087428e+01
   2.7653782e+01  -2.4474923e+01
   2.5918047e+01  -2.3617405e+01
   3.2570678e+01  -2.4707740e+01
   2.4248833e+01  -3.0172918e+01
   2.6411298e+01  -3.2320309e+01
   2.8535903e+01  -3.6479932e+01
   2.2233587e+01  -2.3666500e+01
   2.7709507e+01  -2.8000321e+01
   2.1382268e+01  -2.4290097e+01
   2.4740354e+01  -3.2269661e+01
   3.2302784e+01  -2.3558703e+01
   2.6890362e+01  -1.3359436e+01
   3.2596454e+01  -1.9632031e+01
   1.6969362e+01  -2.6395226e+01
   2.8077953e+01  -2.2752814e+01
   3.4116534e+01  -2.4530664e+01
   2.5760244e+01  -2.7409646e+01
   2.8093155e+01  -2.8405586e+01
   2.4075964e+01  -2.5357191e+01
   2.0376363e+01  -2.8774215e+01
   2.5724192e+01  -3.6617357e+01
   2.4232856e+01  -2.6901313e+01
   2.6423035e+01  -2.5681446e+01
   2.4020737e+01  -2.6542207e+01
   2.0360312e+01  -2.4266428e+01
   2.4586131e+01  -2.1990056e+01
   2.5646637e+01  -2.7704974e+01
   2.6394585e+01  -3.2219028e+01
   2.7455099e+01  -3.1624014e+01
   2.4470476e+01  -2.0690608e+01
   2.4491340e+01  -2.3542284e+01
   2.3689781e+01  -2.1724381e+01
   2.4533080e+01  -2.1125759e+01
   3.2376251e+01  -2.5042527e+01
   2.0381719e+01  -2.3720603e+01
   2.5476264e+01  -2.5626026e+01
   2.5734348e+01  -3.0690359e+01
   2.6531567e+01  -1.9491652e+01
   2.9097222e+01  -3.2022612e+01
   2.6323946e+01  -2.4298784e+01
   1.8150629e+01  -2.6928982e+01
   2.6404302e+01  -1.2607166e+01
   3.0710257e+01  -2.4351990e+01
   3.5783881e+01  -3.1510341e+01
   2.1273760e+01  -2.3184577e+01
   2.6567732e+01  -2.6295313e+01
   2.3673750e+01  -2.1175538e+01
   3.2139091e+01  -2.8524470e+01
   2.4057842e+01  -2.6469635e+01
   3.0783555e+01  -2.8560535e+01
   2.4915536e+01  -3.3492174e+01
   2.4174444e+01  -2.6172267e+01
   2.9364127e+01  -1.8038967e+01
   3.2289922e+01  -1.6216661e+01
   1.6168776e+01  -3.5012697e+01
   1.9765534e+01  -2.8783619e+01
   2.1888019e+01  -2.1252126e+01
   2.5068617e+01  -1.5461137e+01
   2.2922824e+01  -2.3912611e+01
   2.2278281e+01  -2.4556168e+01
   1.9111843e+01  -1.8364260e+01
   3.0122379e+01  -2.6455851e+01
   2.1658501e+01  -2.1907308e+01
   1.0058980e+01  -1.6764694e+01
   2.8652735e+01  -2.4374173e+01
   2.7171705e+01  -2.6407390e+01
   2.8035204e+01  -2.9543646e+01
   2.7192312e+01  -2.6025850e+01
   2.4749311e+01  -2.7430268e+01
   2.2409723e+01  -3.0207351e+01
   2.6778042e+01  -2.9666944e+01
   3.3218632e+01  -2.8549147e+01
   2.3552089e+01  -1.5908195e+01
   2.0730275e+01  -2.1242998e+01
   2.6605849e+01  -2.8631057e+01
   3.1666952e+01  -1.3319319e+01
   2.3354022e+01  -1.6775599e+01
   2.8730073e+01  -2.4656329e+01
   3.1471980e+01  -1.8869023e+01
   2.1361360e+01  -2.4632958e+01
   2.7470800e+01  -2.0758353e+01
   2.7394285e+01  -2.2326877e+01
   3.4673637e+01  -2.6071153e+01
   2.5068500e+01  -1.9893148e+01
   1.6801293e+01  -1.9917287e+01
   2.6257994e+01  -2.6218327e+01
   2.2814333e+01  -3.3235616e+01
   2.7942897e+01  -3.0588865e+01
   1.6104142e+01  -1.2232379e+01
   1.9274889e+01  -2.2104640e+01
   2.0228789e+01  -2.8802648e+01
   2.4468964e+01  -2.0468262e+01
   2.9104383e+01  -2.6987772e+01
   2.3828352e+01  -2.3016588e+01
   2.2570385e+01  -3.0092041e+01
   3.2202550e+01  -2.0812131e+01
   3.8072266e+01  -1.6513725e+01
   2.0419686e+01  -2.0523192e+01
   2.3391120e+01  -1.2977758e+01
   2.8736016e+01  -1.9499589e+01
   1.1783694e+01  -2.2121615e+01
   2.3243703e+01  -1.8209028e+01
   1.6889862e+01  -2.3214278e+01
   1.6429356e+01  -2.4403321e+01
   2.1515867e+01  -2.9114377e+01
   2.2609085e+01  -2.0738411e+01
   3.2487831e+01  -2.5827872e+01
   2.9168083e+01  -3.1031434e+01
   2.4897680e+01  -2.3426777e+01
   2.8020018e+01  -3.0430657e+01
   3.0095096e+01  -2.6384451e+01
   2.6047053e+01  -2.1774663e+01
   2.3640892e+01  -2.9056761e+01
   2.2280656e+01  -2.5443077e+01
   2.3209851e+01  -2.8425528e+01
   2.8375919e+01  -2.0228841e+01
   2.4249693e+01  -2.2946316e+01
   3.1835902e+01  -2.4138868e+01
   1.4539186e+01  -2.5959353e+01
   3.0173464e+01  -2.7612285e+01
   2.5047082e+01  -2.6044741e+01
   2.2884483e+01  -2.2751949e+01
   1.8357497e+01  -1.4454406e+01
   2.1696545e+01  -2.9879913e+01
   2.2049583e+01  -2.0906093e+01
   1.9693802e+01  -1.4703245e+01
   2.5310049e+01  -3.0176548e+01
   2.5985990e+01  -2.9436801e+01
   2.5850510e+01  -2.7662386e+01
   1.9550275e+01  -2.7083944e+01
   1.5380161e+01  -2.3138897e+01
   2.1567784e+01  -2.7191501e+01
   2.2039025e+01  -2.7899464e+01
   2.3588474e+01  -3.4657912e+01
   1.4840820e+01  -2.3755835e+01
   2.5942774e+01  -2.5086513e+01
   2.6259254e+01  -3.0064962e+01
   2.1038402e+01  -2.1654131e+01
   2.8242701e+01  -2.7230578e+01
   2.3564902e+01  -2.8388497e+01
   2.7900804e+01  -2.2634787e+01
   2.5437115e+01  -2.7212507e+01
   2.7621580e+01  -2.9636375e+01
   2.6626503e+01  -2.1020443e+01
   2.9528540e+01  -2.2428262e+01
   2.4805261e+01  -2.2111640e+01
   3.2555768e+01  -1.9094096e+01
   2.3023625e+01  -2.4914372e+01
   2.0063170e+01  -2.1411238e+01
   2.0130876e+01  -1.9773627e+01
   2.3938014e+01  -2.8000967e+01
   1.8617949e+01  -2.1631776e+01
   2.8695662e+01  -2.9407814e+01
   2.0006013e+01  -2.8525601e+01
   3.5115209e+01  -2.1748546e+01
   1.3159478e+01  -2.1564082e+01
   2.5135935e+01  -2.3446791e+01
   1.6621502e+01  -2.7688685e+01
   3.0383284e+01  -2.8376735e+01
   3.0477227e+01  -1.9051598e+01
   2.6354458e+01  -1.9309574e+01
   2.5028377e+01  -2.2477554e+01
   2.0782861e+01  -2.3714702e+01
   2.4309403e+01  -2.2972518e+01
   2.4336811e+01  -3.2785277e+01
   1.6355291e+01  -1.7035406e+01
   3.3724515e+01  -2.8837765e+01
   2.2489795e+01  -2.0825092e+01
   2.0492228e+01  -2.4608562e+01
   2.9810336e+01  -3.2845300e+01
   2.4016222e+01  -1.4216965e+01
   2.6516902e+01  -2.0671475e+01
   2.9357436e+01  -2.6024434e+01
   2.8981348e+01  -3.3741420e+01
   1.6936861e+01  -1.8472295e+01
   2.5607321e+01  -2.3239941e+01
   2.6894842e+01  -3.3969115e+01
   3.4955247e+01  -3.2253476e+01
   2.5261766e+01  -2.4608628e+01
   3.2730667e+01  -2.9851297e+01
   2.3769678e+01  -2.0814093e+01
   2.1937759e+01  -1.9996886e+01
   1.6480321e+01  -2.0808560e+01
   2.6865442e+01  -1.6979522e+01
   2.8229612e+01  -3.0446050e+01
   2.0157823e+01  -3.0637446e+01
   2.4909857e+01  -3.3237582e+01
   3.5136133e+01  -3.3404707e+01
   1.3583635e+01  -2.6174569e+01
   3.5370687e+01  -2.0243384e+01
   2.2293024e+01  -1.8087583e+01
   2.1624326e+01  -3.4701443e+01
   1.9704149e+01  -2.7791938e+01
   1.7040814e+01  -3.5236545e+01
   3.0746355e+01  -1.7533878e+01
   2.7811126e+01  -2.5473009e+01
   2.5149846e+01  -2.6531292e+01
   3.2231023e+01  -3.2634882e+01
   2.4881716e+01  -2.8338517e+01
   2.7403241e+01  -1.8086576e+01
   1.7912002e+01  -2.5115441e+01
   3.0954577e+01  -3.1421529e+01
   2.4816597e+01  -1.7329905e+01
   2.3300006e+01  -2.0351668e+01
   2.5542700e+01  -1.4881798e+01
   2.7872787e+01  -2.9824283e+01
   2.7511811e+01  -2.6574534e+01
   3.2441347e+01  -3.9941948e+01
   3.3272143e+01  -3.4214981e+01
   3.6402015e+01  -1.9935864e+01
   2.4411156e+01  -2.0553007e+01
   1.8448075e+01  -2.8773917e+01
   3.2632288e+01  -2.5859391e+01
   2.6031356e+01  -1.9615067e+01
   2.5071147e+01  -2.0757243e+01
   2.6793975e+01  -2.2811284e+01
   2.8923481e+01  -2.5170336e+01
   2.2637572e+01  -2.7899455e+01
   2.4312542e+01  -2.4352688e+01
   2.2318593e+01  -3.8405906e+01
   2.4731955e+01  -2.5492898e+01
   2.2812837e+01  -2.7111992e+01
   2.5960701e+01  -2.3742209e+01
   2.6406534e+01  -2.1726692e+01
   2.0990327e+01  -2.3308250e+01
   2.0191355e+01  -3.1248596e+01
   1.8021670e+01  -2.2702180e+01
   2.6282523e+01  -2.5940630e+01
   2.8128910e+01  -2.2289504e+01
   2.2772329e+01  -2.9831646e+01
   1.2613466e+01  -1.6967884e+01
   2.4718561e+01  -2.8908071e+01
   2.4599899e+01  -1.9013470e+01
   3.2396517e+01  -1.4359490e+01
   3.3266539e+01  -2.7501954e+01
   1.8263937e+01  -2.6753830e+01
   3.2330753e+01  -3.0179223e+01
   2.4430986e+01  -2.0267140e+01
   2.3798996e+01  -3.0094840e+01
   2.9962072e+01  -3.1994677e+01
   2.4796015e+01  -2.2294942e+01
   2.7623335e+01  -1.9668807e+01
   3.2641816e+01  -2.7055985e+01
   2.8427868e+01  -2.5142939e+01
   2.4196499e+01  -2.4841616e+01
   2.4278214e+01  -2.9022921e+01
   2.6825169e+01  -2.0282113e+01
   2.4839429e+01  -2.2160272e+01
   2.8817204e+01  -3.4244844e+01
   2.4921537e+01  -1.6987904e+01
   2.3009970e+01  -2.1793103e+01
   2.1396710e+01  -2.2897598e+01
   2.7238667e+01  -2.2411044e+01
   2.1027677e+01  -2.4275561e+01
   1.7295051e+01  -1.9002987e+01
   1.5113107e+01  -2.3328279e+01
   3.1628844e+01  -3.2085952e+01
   2.9769554e+01  -2.9475491e+01
   2.5278668e+01  -2.1642431e+01
   2.1269481e+01  -3.2779521e+01
   2.9565657e+01  -2.0380546e+01
   2.9991998e+01  -2.5237354e+01
   2.6308490e+01  -2.8390628e+01
   2.9929062e+01  -2.6800907e+01
   2.3940282e+01  -1.6026801e+01
   3.0461880e+01  -2.1405010e+01
   2.6869436e+01  -2.2021472e+01
   3.1765098e+01  -2.7665443e+01
   2.5161148e+01  -2.3535439e+01
   2.4754731e+01  -2.8026519e+01
   1.9386862e+01  -2.9361043e+01
   2.5783899e+01  -2.4359282e+01
   2.1210490e+01  -1.9159150e+01
   3.2798156e+01  -1.7879939e+01
   2.5208589e+01  -2.5487958e+01
   1.9554216e+01  -2.5689074e+01
   2.5473823e+01  -2.4524437e+01
   3.2528590e+01  -1.5447240e+01
   2.6194768e+01  -2.4480176e+01
   3.0647404e+01  -2.9225065e+01
   2.5363570e+01  -2.4205433e+01
   2.3539386e+01  -2.0080257e+01
   1.9517655e+01  -2.2816797e+01
   3.1640631e+01  -1.9852047e+01
   2.4061569e+01  -2.5255837e+01
   2.3162806e+01  -3.1068130e+01
   2.1467537e+01  -2.9091229e+01
   2.7371398e+01  -2.5861243e+01
   2.1546370e+01  -2.1921699e+01
   3.6762302e+01  -2.4446723e+01
   2.5704191e+01  -1.8697796e+01
   2.5894879e+01  -2.2885360e+01
   2.5284351e+01  -2.2163457e+01
   2.6448604e+01  -2.1717129e+01
   2.5573598e+01  -2.2525465e+01
   2.0987834e+01  -1.8060766e+01
   2.7459094e+01  -2.8065525e+01
   2.2336549e+01  -2.1067124e+01
   3.2651378e+01  -3.6102925e+01
   2.3702922e+01  -3.0849679e+01
   2.4391346e+01  -2.6418767e+01
   3.0501674e+01  -2.5495985e+01
   2.9408133e+01  -2.4777627e+01
   2.9871350e+01  -3.3717550e+01
   2.1094985e+01  -3.9447412e+01
   2.0155202e+01  -2.9629523e+01
   2.8375439e+01  -2.7091044e+01
   1.7028970e+01  -2.7489715e+01
   2.3525537e+01  -3.1353092e+01
   2.8086229e+01  -2.9067778e+01
   3.0314087e+01  -2.6858866e+01
   2.4894593e+01  -1.5495072e+01
   2.7177006e+01  -2.7637352e+01
   1.5203001e+01  -2.4345863e+01
   3.0568802e+01  -3.4147570e+01
   3.0013672e+01  -2.5717040e+01
   2.3907134e+01  -3.9114542e+01
   2.5187098e+01  -1.9847027e+01
   1.9924505e+01  -1.3438363e+01
   2.4226217e+01  -2.8081088e+01
   2.7267136e+01  -2.7323018e+01
   2.3501486e+01  -2.5298512e+01
   2.5628184e+01  -3.1875868e+01
   2.3227206e+01  -3.3877923e+01
   2.0581865e+01  -2.3657956e+01
   2.8929616e+01  -2.7164810e+01
   2.5643033e+01  -2.2321276e+01
   1.7314044e+01  -1.9068414e+01
   3.1228730e+01  -2.1097897e+01
   3.0810242e+01  -3.4123762e+01
   2.5200642e+01  -1.4759500e+01
   2.6256317e+01  -3.4157160e+01
   1.2458687e+01  -2.4594549e+01
   2.3707118e+01  -2.7624736e+01
   2.3886005e+01  -2.5691992e+01
   2.6085049e+01  -2.2306143e+01
   2.9654682e+01  -3.3849922e+01
   2.4503925e+01  -2.5326304e+01
   2.1613766e+01  -2.2478610e+01
   1.8648968e+01  -2.7459423e+01
   2.4557249e+01  -2.2755970e+01
   1.5271492e+01  -2.2573424e+01
   2.4566478e+01  -2.6743033e+01
   3.0037322e+01  -2.3973213e+01
   2.3803934e+01  -2.4076575e+01
   2.3280407e+01  -2.7307289e+01
   2.7533560e+01  -3.0416776e+01
   1.8437764e+01  -2.9746843e+01
   2.0579737e+01  -2.5555095e+01
   2.4338309e+01  -2.9761360e+01
   2.9247917e+01  -2.2267327e+01
   2.3303390e+01  -2.2672869e+01
   2.6980566e+01  -1.5606975e+01
   3.4177379e+01  -2.6300534e+01
   2.4305531e+01  -2.8033125e+01
   2.5651930e+01  -2.5253418e+01
   3.1675746e+01  -2.6500923e+01
   2.5726275e+01  -3.2902278e+01
   1.9136286e+01  -2.1947268e+01
   2.8396375e+01  -3.1178332e+01
   3.0406717e+01  -1.7129470e+01
   2.4673483e+01  -2.4565860e+01
   2.0591149e+01  -3.1049927e+01
   2.1139045e+01  -2.2440039e+01
   2.3852301e+01  -2.9403534e+01
   2.4344324e+01  -2.1500050e+01
   2.1205873e+01  -2.5431778e+01
   2.5436178e+01  -2.0291007e+01
   2.5721336e+01  -1.9274652e+01
   2.3420166e+01  -2.3802683e+01
   2.4200645e+01  -2.9331622e+01
   2.7884692e+01  -2.2414745e+01
   3.3197056e+01  -2.4237802e+01
   2.8123462e+01  -1.8043270e+01
   3.0386117e+01  -1.8001863e+01
   2.4140487e+01  -2.5854018e+01
   2.1651212e+01  -2.5688014e+01
   2.3981202e+01  -2.6063966e+01
   2.2056914e+01  -2.3822010e+01
   2.6649284e+01  -2.4607851e+01
   2.6381286e+01  -2.0270036e+01
   2.5622529e+01  -2.8388851e+01
   2.3917273e+01  -2.7406247e+01
   2.2034111e+01  -1.9346929e+01
   2.7709344e+01  -2.1928378e+01
   2.9240209e+01  -3.0408201e+01
   3.5978166e+01  -2.9416792e+01
   2.8619473e+01  -2.0658437e+01
   2.4363139e+01  -2.6200066e+01
   2.9109247e+01  -1.9822198e+01
   3.0882827e+01  -2.2078333e+01
   3.5402136e+01  -2.7313609e+01
   3.2625505e+01  -2.1503270e+01
   2.5634422e+01  -2.2005496e+01
   2.8109266e+01  -2.2682075e+01
   2.1928828e+01  -2.3976385e+01
   1.4458110e+01  -2.0494766e+01
   2.2722247e+01  -3.0438218e+01
   2.9113802e+01  -3.3020036e+01
   2.2114229e+01  -3.3956585e+01
   1.8847858e+01  -2.2271060e+01
   2.3506154e+01  -2.0228041e+01
   2.4357672e+01  -2.3557367e+01
   2.3764816e+01  -2.4123953e+01
   3.1127082e+01  -1.8202583e+01
   2.8547722e+01  -1.6540497e+01
   3.5006310e+01  -2.8751841e+01
   2.3673534e+01  -2.0180492e+01
   2.7141877e+01  -2.5249590e+01
   2.2244488e+01  -2.7342808e+01
   2.8112468e+01  -2.7765961e+01
   2.3536216e+01  -2.7269256e+01
   2.1570803e+01  -2.0856519e+01
   2.3322062e+01  -2.1936672e+01
   2.6379896e+01  -1.2680378e+01
   2.6727875e+01  -3.3590343e+01
   2.4452793e+01  -2.3702954e+01
   2.1365095e+01  -2.3855470e+01
   2.4201431e+01  -2.3428679e+01
   3.2853403e+01  -2.7845199e+01
   3.1443850e+01  -1.7432787e+01
   3.0804308e+01  -2.0293141e+01
   3.3923599e+01  -2.9879528e+01
   2.4831108e+01  -1.8380734e+01
   2.8756553e+01  -1.0137142e+01
   1.7941294e+01  -2.1844917e+01
  -2.1719559e+01   2.3234847e+01
  -2.9111103e+01   2.0215000e+01
  -2.1239412e+01   2.5575115e+01
  -2.4925471e+01   2.2727044e+01
  -2.6171861e+01   2.9579072e+01
  -2.8138649e+01   2.8789406e+01
  -3.0136390e+01   2.6480046e+01
  -2.3205325e+01   1.9779128e+01
  -2.0828588e+01   2.7144112e+01
  -1.5766074e+01   1.7797131e+01
  -3.0125584e+01   2.5442880e+01
  -2.2701211e+01   3.2607617e+01
  -2.4584895e+01   3.7563188e+01
  -2.3500547e+01   1.7672470e+01
  -2.8216655e+01   2.6293226e+01
  -3.0651601e+01   3.2112952e+01
  -2.2829956e+01   2.6772919e+01
  -2.8362192e+01   2.4506905e+01
  -2.5721838e+01   1.4422257e+01
  -2.3340366e+01   2.7439634e+01
  -2.1590441e+01   2.8033176e+01
  -2.4248506e+01   2.2403392e+01
  -2.4434738e+01   2.6124630e+01
  -2.2280676e+01   2.4423522e+01
  -3.0323568e+01   2.9370460e+01
  -2.4640130e+01   2.2953145e+01
  -3.1593115e+01   2.7234312e+01
  -1.8027205e+01   2.7506182e+01
  -2.5738292e+01   2.0405439e+01
  -2.7596732e+01   2.8330155e+01
  -3.0274030e+01   2.6174322e+01
  -2.1608858e+01   1.8179255e+01
  -2.3668916e+01   1.9611774e+01
  -2.4867715e+01   2.7358868e+01
  -2.6401840e+01   2.9891298e+01
  -2.7555417e+01   1.9994492e+01
  -2.2299928e+01   2.7047350e+01
  -2.7901018e+01   2.1408890e+01
  -2.9260744e+01   2.3146280e+01
  -3.1018575e+01   2.6656745e+01
  -2.6529669e+01   2.7505516e+01
  -2.3375244e+01   2.7634680e+01
  -2.3629313e+01   2.0130559e+01
  -2.0327917e+01   2.4203981e+01
  -2.1607315e+01   3.2487088e+01
  -2.0060246e+01   2.2322379e+01
  -2.6640664e+01   2.6217911e+01
  -2.3525027e+01   2.5989265e+01
  -3.0788571e+01   1.9607859e+01
  -2.0475745e+01   2.6367069e+01
  -2.7668796e+01   2.3189160e+01
  -2.7137858e+01   1.5866609e+01
  -2.8092152e+01   2.8679705e+01
  -1.7738457e+01   2.9303068e+01
  -1.8754942e+01   2.6441789e+01
  -1.8214837e+01   3.0437925e+01
  -3.0615083e+01   2.6466819e+01
  -2.6403553e+01   2.6758748e+01
  -2.7792394e+01   2.5242667e+01
  -1.7903645e+01   3.5549693e+01
  -3.4357532e+01   2.8748011e+01
  -3.5791024e+01   2.3348116e+01
  -1.6610710e+01   3.3076815e+01
  -2.5011975e+01   2.5454052e+01
  -3.4744658e+01   2.3712765e+01
  -2.3229013e+01   2.1201323e+01
  -2.0686192e+01   2.4651745e+01
  -2.9506727e+01   2.6986518e+01
  -3.0919300e+01   3.1380606e+01
  -2.8714176e+01   1.7665444e+01
  -2.2083319e+01   2.6626123e+01
  -2.6381894e+01   2.1998378e+01
  -1.6772370e+01   3.5380641e+01
  -2.4611009e+01   2.3214971e+01
  -2.0101374e+01   2.7399363e+01
  -2.4237340e+01   2.7106745e+01
  -2.0771397e+01   2.1403066e+01
  -3.2032680e+01   1.9279788e+01
  -2.3279473e+01   2.6424371e+01
  -1.4775419e+01   2.3678823e+01
  -2.0846725e+01   2.7205830e+01
  -2.6137647e+01   2.9650750e+01
  -2.2686232e+01   2.4860486e+01
  -3.4191209e+01   2.7227010e+01
  -2.5700803e+01   1.8310179e+01
  -2.5693757e+01   1.7958068e+01
  -1.9796620e+01   3.1305743e+01
  -3.0598879e+01   2.3106167e+01
  -3.0711980e+01   3.0603150e+01
  -2.3570918e+01   2.4858016e+01
  -3.0815200e+01   2.2623029e+01
  -2.8802241e+01   2.0756644e+01
  -3.2755637e+01   3.0161807e+01
  -3.6436035e+01   1.9445892e+01
  -3.6314046e+01   2.6102167e+01
  -2.6401505e+01   1.7133822e+01
  -2.4237077e+01   2.9333479e+01
  -1.7343350e+01   2.5404355e+01
  -2.7639065e+01   2.3840276e+01
  -2.3059972e+01   2.5161440e+01
  -2.5405218e+01   2.3551575e+01
  -2.7058870e+01   2.5062462e+01
  -2.8256766e+01   2.3637484e+01
  -2.8721088e+01   2.0728665e+01
  -1.4023797e+01   2.1367992e+01
  -2.4609174e+01   2.6048023e+01
  -2.0374861e+01   1.9408370e+01
  -1.5381971e+01   1.8289488e+01
  -2.0259981e+01   3.0120655e+01
  -2.6204922e+01   2.2459938e+01
  -3.0936514e+01   2.2921723e+01
  -2.7074844e+01   1.9464420e+01
  -2.6947209e+01   2.8817991e+01
  -3.2396665e+01   1.5961547e+01
  -2.0768228e+01   1.9990328e+01
  -2.5605434e+01   2.6460307e+01
  -2.7887680e+01   2.1487689e+01
  -2.8100646e+01   3.3540544e+01
  -2.8103799e+01   3.6856504e+01
  -3.2417989e+01   2.2658294e+01
  -1.5039108e+01   2.3150800e+01
  -2.0791349e+01   3.0561823e+01
  -2.5230688e+01   2.3270516e+01
  -2.2978174e+01   2.3061854e+01
  -2.6932199e+01   2.6032421e+01
  -2.5065728e+01   2.1891263e+01
  -1.7951561e+01   2.4381778e+01
  -2.4505948e+01   2.2354049e+01
  -2.7033861e+01   3.3539131e+01
  -2.6715413e+01   2.7676490e+01
  -3.3325329e+01   2.5923834e+01
  -2.6640776e+01   2.5493639e+01
  -2.1926300e+01   1.4230997e+01
  -2.7837494e+01   2.7799223e+01
  -2.3344939e+01   2.7933475e+01
  -2.2233894e+01   2.1929631e+01
  -2.3708624e+01   2.1425268e+01
  -2.5335486e+01   2.3690670e+01
  -2.5643718e+01   3.0143921e+01
  -2.5383467e+01   2.4357541e+01
  -3.1511438e+01   3.0570684e+01
  -3.0000980e+01   2.3059967e+01
  -2.5268996e+01   2.1348520e+01
  -2.4533523e+01   1.9584559e+01
  -2.1047065e+01   3.2825824e+01
  -2.4427379e+01   2.5443826e+01
  -2.7000733e+01   3.1734949e+01
  -2.2300469e+01   2.9445209e+01
  -1.8919193e+01   2.8876095e+01
  -1.8019955e+01   3.2181355e+01
  -2.5129377e+01   1.8224126e+01
  -2.4862107e+01   2.6807686e+01
  -2.4283428e+01   3.5252404e+01
  -1.9466308e+01   2.4612358e+01
  -3.2952589e+01   2.4536433e+01
  -2.6662322e+01   2.1570044e+01
  -2.2306506e+01   2.1899693e+01
  -2.9955977e+01   1.8903912e+01
  -2.8504090e+01   2.8717508e+01
  -2.6620227e+01   2.9380903e+01
  -2.4242614e+01   3.6147361e+01
  -3.0683728e+01   1.6335488e+01
  -2.0111594e+01   2.5855780e+01
  -2.3576378e+01   2.8132588e+01
  -2.4064890e+01   2.1111499e+01
  -2.7217273e+01   2.9103106e+01
  -2.5604962e+01   1.9800674e+01
  -2.9415392e+01   2.0196558e+01
  -2.8744286e+01   2.3250362e+01
  -2.6011950e+01   1.8317884e+01
  -2.3850249e+01   2.3950486e+01
  -2.7562666e+01   2.5412892e+01
  -1.9223901e+01   3.0194540e+01
  -1.8216500e+01   3.2302950e+01
  -2.1543231e+01   2.3791004e+01
  -3.4051886e+01   1.9719884e+01
  -2.1407439e+01   2.8162895e+01
  -2.6633766e+01   2.5021419e+01
  -2.5020623e+01   2.9269074e+01
  -2.2227639e+01   2.0947830e+01
  -2.3794364e+01   1.8945680e+01
  -2.1422763e+01   2.3706928e+01
  -2.1691778e+01   1.4024522e+01
  -2.7385985e+01   2.0837884e+01
  -2.7155870e+01   1.9990400e+01
  -2.5202916e+01   2.5562573e+01
  -1.3591922e+01   1.7836892e+01
  -2.7233364e+01   3.1729592e+01
  -3.4204968e+01   2.1937143e+01
  -2.3818925e+01   3.0282702e+01
  -2.6647893e+01   1.7611848e+01
  -3.2962390e+01   3.0818366e+01
  -1.8874518e+01   2.3450232e+01
  -2.2152592e+01   1.6730043e+01
  -2.8742844e+01   2.0803660e+01
  -2.8869167e+01   2.5493301e+01
  -1.8579008e+01   2.3442183e+01
  -2.1352051e+01   2.6703952e+01
  -3.1742034e+01   1.7230205e+01
  -2.4986488e+01   2.3660546e+01
  -1.0811811e+01   2.2156503e+01
  -2.7095792e+01   3.9852499e+01
  -1.3863487e+01   2.0506754e+01
  -2.5951862e+01   1.2834518e+01
  -2.4316790e+01   2.1973101e+01
  -2.0748791e+01   2.8187517e+01
  -2.5935345e+01   2.9460831e+01
  -2.7729851e+01   2.9348940e+01
  -1.9548136e+01   1.9688879e+01
  -2.5767601e+01   1.8890319e+01
  -2.2107334e+01   2.3586660e+01
  -2.8779722e+01   3.6339555e+01
  -3.4051679e+01   1.7637575e+01
  -2.9409322e+01   2.2122561e+01
  -3.3817739e+01   3.2489756e+01
  -2.1069372e+01   2.6506157e+01
  -2.3521578e+01   2.6732995e+01
  -2.5494273e+01   2.9208629e+01
  -3.6199178e+01   2.2850579e+01
  -3.0251574e+01   2.5766561e+01
  -1.9270695e+01   2.8572912e+01
  -2.7250375e+01   3.4659619e+01
  -2.8311513e+01   3.1390667e+01
  -2.1772853e+01   3.0008289e+01
  -1.6402905e+01   3.0210189e+01
  -2.2277372e+01   2.2157561e+01
  -3.5401575e+01   1.8339195e+01
  -1.9487231e+01   2.4377527e+01
  -2.7250518e+01   2.6358793e+01
  -2.7825146e+01   3.2923496e+01
  -2.7932846e+01   2.9132921e+01
  -2.3714637e+01   2.6378765e+01
  -2.9898113e+01   2.5518829e+01
  -2.8202438e+01   2.6958488e+01
  -2.2615329e+01   2.7803618e+01
  -2.6647832e+01   2.2054597e+01
  -2.5008797e+01   2.4716936e+01
  -2.0914951e+01   2.7749346e+01
  -2.2889520e+01   2.4043353e+01
  -2.5152642e+01   1.7632035e+01
  -2.4400166e+01   1.7900703e+01
  -2.1964637e+01   3.1898436e+01
  -2.4456096e+01   2.8948437e+01
  -2.6625417e+01   2.3415263e+01
  -3.0121936e+01   3.5127061e+01
  -2.2846723e+01   3.0532625e+01
  -1.7350099e+01   2.1446417e+01
  -3.8520856e+01   1.5972148e+01
  -1.8207648e+01   2.3840354e+01
  -2.2812697e+01   2.3172389e+01
  -1.8775636e+01   3.0142933e+01
  -1.4089407e+01   1.9863456e+01
  -2.9916324e+01   3.1166587e+01
  -1.9514019e+01   2.1206013e+01
  -1.6981449e+01   2.3794439e+01
  -2.1171854e+01   2.3819873e+01
  -1.8765596e+01   1.9660850e+01
  -2.4794518e+01   2.7714223e+01
  -2.8632070e+01   1.8748552e+01
  -3.0838870e+01   2.9159730e+01
  -3.1369316e+01   1.6047765e+01
  -2.6342354e+01   2.9769361e+01
  -2.7271480e+01   2.3305034e+01
  -1.8530253e+01   2.3041529e+01
  -2.6806609e+01   2.8279052e+01
  -1.9537272e+01   2.5569526e+01
  -1.6394042e+01   3.0276509e+01
  -2.0864476e+01   2.6049047e+01
  -2.4708300e+01   1.8089681e+01
  -2.4749042e+01   1.3865954e+01
  -2.2631034e+01   2.6865386e+01
  -1.7375706e+01   1.6126060e+01
  -2.1503055e+01   2.3722124e+01
  -2.1824132e+01   1.8099745e+01
  -3.4759370e+01   2.4903145e+01
  -2.8251040e+01   2.6449919e+01
  -3.1787639e+01   3.2560169e+01
  -2.1340198e+01   3.1101564e+01
  -2.1401509e+01   3.2565935e+01
  -2.2001970e+01   2.5949133e+01
  -3.2127590e+01   1.6413081e+01
  -1.3804829e+01   2.2547773e+01
  -2.2962543e+01   2.4593701e+01
  -1.6119356e+01   1.8227112e+01
  -2.7744027e+01   2.2696404e+01
  -2.6029266e+01   2.8289001e+01
  -2.1269754e+01   2.2055200e+01
  -2.6430782e+01   2.0416829e+01
  -1.0534431e+01   1.6347923e+01
  -2.4006658e+01   1.7818870e+01
  -2.7979241e+01   2.9961702e+01
  -2.0962305e+01   2.3069322e+01
  -1.9323303e+01   3.4268529e+01
  -2.5273515e+01   2.1655899e+01
  -2.3364916e+01   2.9119112e+01
  -2.1117494e+01   2.5175579e+01
  -2.4970280e+01   1.4536664e+01
  -2.8617016e+01   3.4751340e+01
  -1.7223731e+01   3.1570952e+01
  -3.2868534e+01   2.3164526e+01
  -2.1132646e+01   3.0410793e+01
  -2.6379261e+01   2.5929655e+01
  -2.6014717e+01   2.7331916e+01
  -2.5247336e+01   1.7667860e+01
  -4.3136982e+01   2.7947446e+01
  -2.4301979e+01   1.8643996e+01
  -3.0196427e+01   2.4709058e+01
  -2.6297192e+01   2.3759518e+01
  -1.7089875e+01   3.0582944e+01
  -2.9744471e+01   2.9158161e+01
  -2.7737361e+01   1.9521560e+01
  -2.3791153e+01   3.0422411e+01
  -2.6635382e+01   1.7516448e+01
  -2.7767787e+01   2.5406007e+01
  -2.8178592e+01   2.2235235e+01
  -2.1474764e+01   2.4200668e+01
  -2.5955764e+01   3.3443793e+01
  -2.4348635e+01   2.7320908e+01
  -2.8942276e+01   2.6168237e+01
  -1.5008089e+01   2.8126884e+01
  -3.1041188e+01   2.4335461e+01
  -2.5850921e+01   2.9829625e+01
  -2.0869709e+01   2.6124022e+01
  -2.1458252e+01   2.2015012e+01
  -2.7477278e+01   1.9755772e+01
  -3.1074468e+01   1.6206745e+01
  -2.4747915e+01   2.3267536e+01
  -2.9891239e+01   2.3557723e+01
  -2.9747709e+01   2.1554154e+01
  -2.9195601e+01   2.8280071e+01
  -2.5322816e+01   3.3025533e+01
  -2.7435757e+01   3.1839420e+01
  -2.5050416e+01   2.8950141e+01
  -2.7335859e+01   2.7874952e+01
  -2.9008231e+01   2.6209120e+01
  -1.8435125e+01   3.7075109e+01
  -2.4294057e+01   2.5422585e+01
  -2.3908731e+01   2.4550173e+01
  -2.3113334e+01   2.5838171e+01
  -2.5377333e+01   2.8567277e+01
  -2.2215149e+01   2.2058426e+01
  -3.1459504e+01   2.3083845e+01
  -2.6465109e+01   2.3933435e+01
  -3.2218050e+01   2.5542369e+01
  -2.3649308e+01   2.3155654e+01
  -2.7025152e+01   1.8869779e+01
  -1.8645490e+01   3.5025636e+01
  -2.4748084e+01   3.1921920e+01
  -3.1717696e+01   2.5622755e+01
  -2.1745446e+01   1.8448913e+01
  -2.2748501e+01   3.0004511e+01
  -2.6648685e+01   2.8135653e+01
  -1.6457271e+01   2.2657346e+01
  -2.9021313e+01   2.7641994e+01
  -2.9931506e+01   2.5227916e+01
  -2.0673559e+01   1.8199168e+01
  -2.5936228e+01   2.2754604e+01
  -2.6375527e+01   1.0122903e+01
  -2.6809104e+01   2.6323607e+01
  -2.4182084e+01   2.4480702e+01
  -9.7924097e+00   2.9803354e+01
  -2.1519487e+01   2.6029682e+01
  -2.8509427e+01   3.1708736e+01
  -2.7138326e+01   3.2935039e+01
  -2.5064965e+01   2.9867282e+01
  -2.6750548e+01   2.5150111e+01
  -2.7667717e+01   1.5380741e+01
  -2.6482728e+01   2.9204945e+01
  -1.3137149e+01   3.3643455e+01
  -2.6135907e+01   3.1867428e+01
  -2.7542202e+01   2.3724031e+01
  -2.8002695e+01   2.3116611e+01
  -2.4820561e+01   2.5407192e+01
  -2.7488971e+01   2.3204748e+01
  -1.8342431e+01   2.1720183e+01
  -2.6640582e+01   2.7572571e+01
  -2.4723031e+01   2.0359497e+01
  -2.4234334e+01   3.5524603e+01
  -2.1876845e+01   3.0428059e+01
  -2.6891325e+01   2.6147968e+01
  -2.4677925e+01   2.9358293e+01
  -2.7328413e+01   2.9749726e+01
  -2.4848913e+01   2.3696148e+01
  -2.1364907e+01   2.7286604e+01
  -2.7947059e+01   2.5750216e+01
  -1.9265904e+01   1.9340402e+01
  -2.7498406e+01   2.7728232e+01
  -2.4179198e+01   3.0743524e+01
  -2.8838056e+01   2.8432392e+01
  -1.8780580e+01   2.0239765e+01
  -2.4592305e+01   3.2617337e+01
  -2.8518044e+01   3.2140020e+01
  -3.1991406e+01   2.4165495e+01
  -2.2480003e+01   2.6261818e+01
  -2.8262548e+01   1.9185924e+01
  -2.8981778e+01   3.4135924e+01
  -2.5418632e+01   2.8735894e+01
  -2.6714425e+01   2.5029163e+01
  -2.0179578e+01   2.5085694e+01
  -2.4686146e+01   2.4363389e+01
  -2.1037708e+01   2.0377439e+01
  -1.8901682e+01   3.6263164e+01
  -2.0053001e+01   2.0156390e+01
  -2.5160766e+01   1.8803798e+01
  -2.5745342e+01   2.6046336e+01
  -2.0119790e+01   2.6332854e+01
  -3.1693404e+01   2.7998572e+01
  -2.3134288e+01   3.4005603e+01
  -2.7289297e+01   2.9053053e+01
  -2.2048080e+01   2.5415646e+01
  -3.2753950e+01   2.8402215e+01
  -2.4618867e+01   2.0598398e+01
  -2.4295326e+01   2.5054830e+01
  -1.6708076e+01   2.3925633e+01
  -2.8718870e+01   2.9960282e+01
  -2.9528908e+01   2.2044140e+01
  -2.6697974e+01   3.0065373e+01
  -2.6229879e+01   2.8079006e+01
  -2.5461302e+01   3.1627882e+01
  -4.0030863e+01   1.7205208e+01
  -2.4791047e+01   2.9134074e+01
  -2.7721995e+01   3.0880768e+01
  -2.4380544e+01   2.2932219e+01
  -2.3574797e+01   2.3540035e+01
  -1.1726848e+01   2.6926593e+01
  -2.3501135e+01   2.2508208e+01
  -2.1772190e+01   3.5235727e+01
  -2.1056920e+01   2.5619536e+01
  -2.3092822e+01   3.3083555e+01
  -1.9379672e+01   2.1342838e+01
  -2.1428188e+01   2.4019479e+01
  -2.1621854e+01   2.8142305e+01
  -2.6060674e+01   1.6705087e+01
  -2.7006889e+01   2.7519675e+01
  -2.9910066e+01   3.2724794e+01
  -1.9925366e+01   2.3436327e+01
  -2.1499799e+01   2.6319405e+01
  -2.2806446e+01   2.3433175e+01
  -1.4158541e+01   1.7071593e+01
  -3.3354629e+01   2.2550849e+01
  -2.4342102e+01   1.7344344e+01
  -2.6481902e+01   2.4733264e+01
  -2.4621678e+01   2.8807823e+01
  -2.4607963e+01   3.0066982e+01
  -1.4308995e+01   2.6969014e+01
  -4.2900056e+01   2.2731667e+01
  -2.1197901e+01   2.4363089e+01
  -2.4696847e+01   2.8123778e+01
  -2.7904465e+01   3.3626346e+01
  -2.3599475e+01   2.2437393e+01
  -2.4503141e+01   2.3237248e+01
  -1.6470382e+01   2.2229464e+01
  -2.7811887e+01   2.3217387e+01
  -1.9701466e+01   3.1728503e+01
  -3.1359058e+01   2.3280487e+01
  -2.9327391e+01   2.1462210e+01
  -1.9081365e+01   2.7933593e+01
  -2.5171948e+01   1.9717755e+01
  -2.3209773e+01   2.6218685e+01
  -1.5362529e+01   2.1438724e+01
  -2.4716484e+01   3.2592401e+01
  -2.9911925e+01   2.2221748e+01
  -3.1025684e+01   2.4345860e+01
  -2.3671661e+01   2.5530061e+01
  -3.1964132e+01   1.9414313e+01
  -2.9939959e+01   3.1715752e+01
  -2.6917757e+01   3.0727735e+01
  -2.8026409e+01   2.5714726e+01
  -2.4673132e+01   3.3350872e+01
  -2.1170619e+01   2.3606464e+01
  -2.8656724e+01   2.8529400e+01
  -2.5699630e+01   2.4108550e+01
  -3.2201764e+01   3.0709553e+01
  -2.5530459e+01   2.3804332e+01
  -3.1012046e+01   2.4558317e+01
  -2.1929491e+01   1.9235298e+01
  -2.2065467e+01   2.8190942e+01
  -2.3651836e+01   2.6138504e+01
  -2.0086702e+01   2.4879145e+01
  -2.1686388e+01   2.1460534e+01
  -3.6211518e+01   3.1379198e+01
  -2.2183146e+01   2.7247441e+01
  -2.5266712e+01   2.1854487e+01
  -2.3258328e+01   2.6743779e+01
  -3.0697379e+01   1.6929017e+01
  -2.9540589e+01   2.5425858e+01
  -3.3705146e+01   1.8350025e+01
  -2.4826110e+01   2.9801332e+01
  -2.3798333e+01   2.8785432e+01
  -2.0866987e+01   3.1665343e+01
  -2.5898493e+01   2.0858449e+01
  -2.5485400e+01   2.2227954e+01
  -2.2279985e+01   2.6534672e+01
  -2.6029923e+01   2.8050363e+01
  -1.1845833e+01   1.9300718e+01
  -2.8108190e+01   2.7830096e+01
  -3.2704360e+01   2.9340190e+01
  -2.1753535e+01   2.5752909e+01
  -1.9781199e+01   2.2656182e+01
  -2.3051804e+01   1.3371974e+01
  -2.6240489e+01  -2.3030630e+01
  -2.9765553e+01  -1.5885352e+01
  -2.7935137e+01  -2.4508669e+01
  -3.4777579e+01  -2.5145743e+01
  -1.9014678e+01  -2.0413203e+01
  -2.7254722e+01  -2.5587385e+01
  -1.9578329e+01  -2.4628722e+01
  -1.8080676e+01  -2.4090062e+01
  -2.6364099e+01  -2.7912068e+01
  -3.0844278e+01  -2.2776988e+01
  -3.1578328e+01  -2.6335720e+01
  -1.4241536e+01  -2.8971885e+01
  -1.6822889e+01  -2.3259762e+01
  -2.3717799e+01  -2.2939201e+01
  -3.5368141e+01  -2.6364993e+01
  -2.2588812e+01  -2.2909990e+01
  -3.2990014e+01  -1.6535065e+01
  -1.8336536e+01  -2.5774425e+01
  -2.4125079e+01  -2.8479799e+01
  -3.2122053e+01  -2.7877081e+01
  -2.6766909e+01  -2.4773602e+01
  -1.9703747e+01  -2.4670422e+01
  -2.4934540e+01  -3.3191526e+01
  -2.4443322e+01  -2.8034644e+01
  -1.3920376e+01  -3.0214104e+01
  -2.9913840e+01  -2.2427442e+01
  -3.4755697e+01  -2.3026094e+01
  -3.1220090e+01  -2.9426126e+01
  -1.6843081e+01  -2.4863631e+01
  -2.2488267e+01  -2.1610292e+01
  -2.0730854e+01  -2.4099713e+01
  -2.4659426e+01  -3.0047338e+01
  -2.3033453e+01  -3.2696189e+01
  -2.5287083e+01  -2.3242401e+01
  -2.8273554e+01  -2.0337549e+01
  -2.5663417e+01  -2.2859874e+01
  -3.2018514e+01  -2.4658362e+01
  -3.9089147e+01  -2.1649291e+01
  -2.7332265e+01  -2.1782644e+01
  -1.7227306e+01  -2.4806730e+01
  -3.0077640e+01  -2.6510121e+01
  -3.5377801e+01  -1.8050044e+01
  -2.8467263e+01  -3.1993449e+01
  -2.6507044e+01  -2.1268218e+01
  -1.9285186e+01  -3.6994789e+01
  -3.0942789e+01  -2.8189645e+01
  -2.5679668e+01  -2.1172867e+01
  -2.1032712e+01  -2.6732862e+01
  -2.8979671e+01  -1.8278194e+01
  -2.7408628e+01  -2.1468133e+01
  -2.3810268e+01  -2.9374068e+01
  -2.3207677e+01  -3.7139398e+01
  -1.9610360e+01  -2.7593123e+01
  -1.7234835e+01  -1.7087793e+01
  -2.0162878e+01  -2.2707744e+01
  -2.2293820e+01  -3.2023779e+01
  -1.7963787e+01  -2.8920179e+01
  -1.8025388e+01  -3.2951966e+01
  -1.5822272e+01  -2.4917719e+01
  -2.1611367e+01  -2.9738611e+01
  -9.1979606e+00  -3.0005027e+01
  -1.5213615e+01  -2.1442131e+01
  -1.4755129e+01  -2.4893284e+01
  -1.6705040e+01  -2.0548273e+01
  -3.0159299e+01  -3.1593475e+01
  -2.2274039e+01  -3.2802556e+01
  -1.1019089e+01  -2.9243207e+01
  -2.9149324e+01  -2.2192213e+01
  -2.8124866e+01  -2.7188468e+01
  -1.8362688e+01  -2.4527799e+01
  -2.5339694e+01  -1.8154447e+01
  -2.1874249e+01  -2.2605449e+01
  -2.4672135e+01  -2.2186145e+01
  -2.9685603e+01  -2.9133204e+01
  -2.2357131e+01  -2.7886573e+01
  -2.5019217e+01  -1.6967548e+01
  -1.3035490e+01  -2.5921015e+01
  -3.0828266e+01  -1.9175558e+01
  -2.4935191e+01  -3.3855042e+01
  -3.7149646e+01  -3.5836952e+01
  -2.8803433e+01  -2.6516242e+01
  -2.1161359e+01  -2.5240668e+01
  -1.6600461e+01  -2.1937801e+01
  -2.7894108e+01  -2.5874833e+01
  -2.7745570e+01  -2.6972481e+01
  -2.0317577e+01  -2.1596106e+01
  -3.4552339e+01  -1.9044612e+01
  -2.4489613e+01  -2.9105721e+01
  -2.8778279e+01  -2.5462735e+01
  -2.9331241e+01  -3.0061587e+01
  -1.9627888e+01  -3.2686258e+01
  -2.3139799e+01  -1.3452844e+01
  -2.4709768e+01  -2.9694138e+01
  -1.3520586e+01  -2.6041448e+01
  -2.3876931e+01  -2.2292592e+01
  -2.9885927e+01  -2.6778964e+01
  -2.4751587e+01  -2.9676064e+01
  -2.3073736e+01  -2.9599913e+01
  -2.3512644e+01  -2.9122545e+01
  -2.5497905e+01  -2.4383652e+01
  -2.5269225e+01  -2.6512917e+01
  -1.7189841e+01  -2.3306260e+01
  -2.0504400e+01  -2.9050071e+01
  -5.8303503e+00  -2.3251437e+01
  -2.4436332e+01  -3.1928593e+01
  -1.6014881e+01  -3.1224264e+01
  -3.2712575e+01  -2.4556731e+01
  -2.0676929e+01  -2.3428761e+01
  -3.0134902e+01  -3.2461712e+01
  -3.0510905e+01  -1.9338840e+01
  -2.3037250e+01  -2.0542479e+01
  -2.1883728e+01  -3.5583932e+01
  -2.6233497e+01  -3.7754892e+01
  -2.2383935e+01  -1.9083925e+01
  -2.8564351e+01  -2.3601459e+01
  -2.5024426e+01  -1.6701632e+01
  -2.9488651e+01  -1.7607591e+01
  -2.1546696e+01  -3.4877507e+01
  -2.5925936e+01  -2.8397668e+01
  -1.9047787e+01  -1.6473383e+01
  -3.3427490e+01  -1.9412830e+01
  -2.1334299e+01  -1.8984448e+01
  -2.6038739e+01  -2.0548527e+01
  -3.7012363e+01  -2.3214015e+01
  -2.8338122e+01  -2.8983025e+01
  -2.7052342e+01  -2.4993133e+01
  -2.5967950e+01  -2.1449350e+01
  -2.1318523e+01  -2.0547311e+01
  -3.0286792e+01  -2.9173346e+01
  -2.7736628e+01  -2.7524563e+01
  -1.6490960e+01  -2.3288496e+01
  -2.7049182e+01  -3.2162474e+01
  -2.0575557e+01  -2.4864047e+01
  -2.3022396e+01  -2.7130958e+01
  -2.6390270e+01  -2.2389377e+01
  -2.4689103e+01  -2.6670009e+01
  -1.8518181e+01  -2.1838597e+01
  -2.0990721e+01  -2.0791728e+01
  -3.4467688e+01  -2.9836835e+01
  -2.4102231e+01  -2.4834452e+01
  -2.5692111e+01  -2.2446669e+01
  -2.8681917e+01  -2.8328612e+01
  -3.0842978e+01  -1.8308264e+01
  -3.1967354e+01  -2.1959652e+01
  -2.6492609e+01  -2.0041963e+01
  -2.5681932e+01  -3.1266498e+01
  -1.9910117e+01  -1.9037968e+01
  -2.5788711e+01  -3.7192674e+01
  -2.5279719e+01  -2.5352633e+01
  -1.8454733e+01  -2.8136862e+01
  -2.6729864e+01  -2.0121278e+01
  -2.7976866e+01  -3.1719342e+01
  -1.9951757e+01  -1.1960055e+01
  -2.6014984e+01  -2.5246433e+01
  -1.7280815e+01  -3.4071799e+01
  -2.1346030e+01  -1.5849794e+01
  -2.6599534e+01  -2.1992384e+01
  -3.4641947e+01  -1.5548467e+01
  -3.2411919e+01  -2.7293636e+01
  -2.4769052e+01  -1.5784251e+01
  -1.7657732e+01  -2.6187462e+01
  -2.3954390e+01  -3.1193579e+01
  -2.3720375e+01  -2.8633787e+01
  -3.1255205e+01  -3.0244194e+01
  -2.0580627e+01  -2.6241096e+01
  -3.0726321e+01  -3.0973013e+01
  -2.8069650e+01  -2.1531956e+01
  -2.4932655e+01  -1.8399932e+01
  -2.3448443e+01  -2.7941329e+01
  -1.9881600e+01  -2.8198152e+01
  -1.9988601e+01  -3.3200820e+01
  -1.7587666e+01  -3.0226152e+01
  -2.2647632e+01  -2.2207137e+01
  -2.6832511e+01  -2.2015357e+01
  -2.4706547e+01  -3.2751582e+01
  -2.3815905e+01  -2.1765914e+01
  -2.4859169e+01  -2.2695153e+01
  -2.0157265e+01  -2.3464153e+01
  -3.0615123e+01  -3.6223594e+01
  -3.1192522e+01  -2.5850880e+01
  -2.5087595e+01  -3.5401254e+01
  -1.8908443e+01  -2.6735542e+01
  -2.4941283e+01  -2.0279623e+01
  -1.9706169e+01  -3.2270064e+01
  -2.4546271e+01  -1.8318600e+01
  -2.6588542e+01  -2.6438101e+01
  -3.1538251e+01  -2.0586085e+01
  -2.3841476e+01  -2.5678797e+01
  -2.7213664e+01  -1.9858781e+01
  -2.8779323e+01  -1.9870743e+01
  -3.3826259e+01  -2.0485960e+01
  -2.3644896e+01  -2.7877253e+01
  -2.9587006e+01  -1.1490138e+01
  -3.1252099e+01  -2.1666514e+01
  -1.7409509e+01  -2.6898670e+01
  -2.6324154e+01  -2.5232330e+01
  -3.0706018e+01  -2.1112608e+01
  -2.6322915e+01  -1.7764011e+01
  -2.6497536e+01  -1.9969036e+01
  -2.3485461e+01  -2.6296250e+01
  -2.3220707e+01  -2.9014566e+01
  -2.1584696e+01  -2.0659411e+01
  -2.5869060e+01  -2.1705728e+01
  -3.0228456e+01  -2.5333309e+01
  -2.4405685e+01  -1.9844073e+01
  -2.5533131e+01  -3.5355216e+01
  -2.1607059e+01  -1.7990200e+01
  -1.9663999e+01  -2.6182850e+01
  -2.3892041e+01  -1.6833694e+01
  -3.0609355e+01  -2.3706075e+01
  -2.7184573e+01  -3.4103163e+01
  -2.4693360e+01  -2.0575684e+01
  -1.6247163e+01  -1.8399960e+01
  -2.7237619e+01  -2.2573707e+01
  -3.0751219e+01  -1.8325824e+01
  -3.0370451e+01  -2.4493544e+01
  -2.6361481e+01  -2.7153903e+01
  -2.4089554e+01  -3.2459764e+01
  -2.4682351e+01  -2.6354348e+01
  -2.2662207e+01  -2.0035735e+01
  -3.2342000e+01  -2.3201713e+01
  -2.4115615e+01  -1.6227220e+01
  -3.0614304e+01  -3.2393794e+01
  -1.7702177e+01  -2.0327056e+01
  -2.7685707e+01  -2.0799789e+01
  -2.3457660e+01  -2.5310586e+01
  -2.2092394e+01  -1.6556979e+01
  -2.5304004e+01  -1.6844773e+01
  -1.8924889e+01  -1.8422496e+01
  -2.0690976e+01  -2.4000457e+01
  -2.5965391e+01  -1.7950386e+01
  -3.0971307e+01  -2.5171671e+01
  -3.1629819e+01  -2.5811961e+01
  -2.1837519e+01  -1.6918308e+01
  -2.8205856e+01  -2.4329548e+01
  -3.1875237e+01  -2.4634905e+01
  -1.7760606e+01  -1.7461005e+01
  -2.7375479e+01  -2.8284095e+01
  -3.1322728e+01  -1.9639425e+01
  -2.3431657e+01  -2.1556851e+01
  -2.3081749e+01  -2.4523366e+01
  -2.3708687e+01  -2.2563534e+01
  -1.9251114e+01  -2.7994235e+01
  -3.8209752e+01  -2.5293447e+01
  -2.4089011e+01  -2.5704181e+01
  -2.5293844e+01  -2.3605661e+01
  -3.0218118e+01  -3.1817725e+01
  -2.1764099e+01  -2.8695239e+01
  -2.0060645e+01  -2.3589414e+01
  -2.2081040e+01  -2.6471540e+01
  -1.9688411e+01  -1.7432977e+01
  -1.7054477e+01  -2.4628956e+01
  -2.5961255e+01  -2.6008362e+01
  -3.3156917e+01  -2.7147269e+01
  -2.1662886e+01  -3.1280591e+01
  -2.5741506e+01  -2.9365976e+01
  -2.6180175e+01  -2.9632888e+01
  -3.0583418e+01  -2.7434191e+01
  -3.4132951e+01  -2.9503007e+01
  -2.8159121e+01  -2.2470888e+01
  -3.5178727e+01  -3.2842642e+01
  -1.4262004e+01  -2.4538898e+01
  -2.8256367e+01  -1.7582914e+01
  -2.2191684e+01  -2.4873119e+01
  -2.5350078e+01  -2.1809904e+01
  -2.4936542e+01  -2.7045053e+01
  -2.6560669e+01  -2.5405327e+01
  -2.7219065e+01  -3.3102784e+01
  -2.0179368e+01  -2.4962668e+01
  -2.3012144e+01  -2.5606770e+01
  -2.0528129e+01  -2.5773747e+01
  -2.4176223e+01  -2.8843336e+01
  -2.1957385e+01  -2.2980706e+01
  -2.7246392e+01  -2.0739605e+01
  -1.9458535e+01  -2.8842360e+01
  -2.8294028e+01  -2.4325043e+01
  -2.2046964e+01  -2.8283712e+01
  -2.7455186e+01  -2.0917488e+01
  -3.5154885e+01  -3.1123227e+01
  -2.9539086e+01  -3.0238130e+01
  -2.3962676e+01  -3.2048558e+01
  -1.1128854e+01  -1.9431005e+01
  -3.4873213e+01  -2.1434972e+01
  -2.5702587e+01  -2.9330563e+01
  -2.5680929e+01  -2.2876165e+01
  -2.7786085e+01  -2.1669301e+01
  -2.6774336e+01  -2.9562950e+01
  -3.5888975e+01  -3.2486255e+01
  -1.9585211e+01  -1.9378064e+01
  -1.7535098e+01  -2.8715157e+01
  -2.6947483e+01  -2.0860085e+01
  -3.0019439e+01  -2.7713597e+01
  -1.9390376e+01  -1.9701618e+01
  -3.4893437e+01  -2.2356547e+01
  -2.1315383e+01  -2.3639969e+01
  -2.3636688e+01  -2.7735501e+01
  -3.2241357e+01  -2.4112447e+01
  -2.6188025e+01  -2.7440677e+01
  -2.7680929e+01  -1.7697663e+01
  -2.0433997e+01  -3.0136648e+01
  -2.8807927e+01  -3.0151524e+01
  -2.5416897e+01  -1.3034418e+01
  -3.1956212e+01  -1.2961207e+01
  -3.4598969e+01  -2.1274790e+01
  -2.5483039e+01  -2.7503783e+01
  -2.8112397e+01  -2.3154612e+01
  -2.2857431e+01  -2.2395751e+01
  -2.3128061e+01  -2.4854244e+01
  -2.6291841e+01  -2.2196493e+01
  -2.8078835e+01  -3.5170931e+01
  -2.8574510e+01  -2.6494500e+01
  -1.9651449e+01  -1.5795136e+01
  -2.9325175e+01  -1.6910879e+01
  -3.0559136e+01  -3.0897844e+01
  -3.2531740e+01  -2.5423270e+01
  -2.0026174e+01  -2.0930200e+01
  -3.5170742e+01  -2.3125157e+01
  -1.6760981e+01  -2.4641462e+01
  -2.2857879e+01  -2.6831950e+01
  -2.7845264e+01  -2.2162239e+01
  -1.5232059e+01  -2.7932155e+01
  -1.5077475e+01  -2.7133710e+01
  -2.7847389e+01  -3.1011797e+01
  -1.6066316e+01  -2.7505222e+01
  -2.2138735e+01  -2.6867273e+01
  -1.7246642e+01  -2.2910243e+01
  -2.9927204e+01  -2.3903789e+01
  -2.2786189e+01  -2.7599012e+01
  -3.2122668e+01  -2.1592702e+01
  -1.8499329e+01  -3.0434772e+01
  -3.3296085e+01  -2.2961968e+01
  -3.5939223e+01  -2.8043611e+01
  -2.5776944e+01  -2.7945490e+01
  -1.4157318e+01  -1.7734600e+01
  -2.1742946e+01  -1.9194565e+01
  -2.2286379e+01  -2.1694557e+01
  -3.0130359e+01  -2.9148317e+01
  -1.5757194e+01  -2.2635947e+01
  -2.3203917e+01  -2.6661048e+01
  -2.9990718e+01  -2.8056521e+01
  -2.3480046e+01  -2.5049734e+01
  -3.1382832e+01  -2.1653530e+01
  -2.0789968e+01  -2.7136501e+01
  -1.0776264e+01  -3.1735460e+01
  -2.3228507e+01  -3.0983474e+01
  -2.2346891e+01  -2.4448472e+01
  -1.8601343e+01  -3.7003695e+01
  -3.1051125e+01  -1.9691401e+01
  -1.8474996e+01  -2.8781533e+01
  -3.5226133e+01  -1.8307011e+01
  -2.4246783e+01  -2.7275862e+01
  -3.3317697e+01  -2.4252202e+01
  -2.0550220e+01  -2.4738695e+01
  -2.9749846e+01  -2.5209056e+01
  -2.7366442e+01  -2.0027720e+01
  -2.6644880e+01  -2.0855633e+01
  -2.9364173e+01  -1.9115127e+01
  -2.3420532e+01  -2.3989015e+01
  -3.0498441e+01  -1.8145722e+01
  -2.4114408e+01  -3.1159942e+01
  -2.0901849e+01  -3.0204239e+01
  -3.5439928e+01  -2.7652957e+01
  -3.1717413e+01  -2.6183742e+01
  -2.7925750e+01  -2.0220527e+01
  -2.8122853e+01  -2.4922420e+01
  -2.3997124e+01  -3.5680555e+01
  -2.1951192e+01  -2.8156157e+01
  -1.7306139e+01  -3.1447347e+01
  -3.4932307e+01  -2.1420228e+01
  -2.8465227e+01  -1.9486224e+01
  -2.3323587e+01  -1.9448584e+01
  -2.9075775e+01  -1.9489707e+01
  -2.9780083e+01  -2.7657203e+01
  -2.2778308e+01  -2.4804880e+01
  -3.0493859e+01  -3.1191089e+01
  -2.5549919e+01  -2.3681803e+01
  -2.4850805e+01  -1.7907244e+01
  -2.8332351e+01  -2.0613014e+01
  -2.9018956e+01  -3.8329363e+01
  -3.1331620e+01  -2.6350989e+01
  -2.4793506e+01  -2.5338889e+01
  -2.8885083e+01  -2.1945176e+01
  -2.4047596e+01  -2.3666467e+01
  -2.9641269e+01  -2.3999387e+01
  -2.8653815e+01  -2.7225504e+01
  -2.0205479e+01  -2.6852480e+01
  -3.6439242e+01  -3.0650219e+01
  -1.8921101e+01  -2.7316883e+01
  -2.3066469e+01  -3.2280394e+01
  -3.1408997e+01  -2.3583450e+01
  -2.7769381e+01  -2.4740057e+01
  -2.5884647e+01  -1.8029201e+01
  -2.3678660e+01  -2.4493184e+01
  -1.8906331e+01  -2.7087104e+01
  -1.8707102e+01  -3.7327163e+01
  -2.1272855e+01  -3.6041769e+01
  -2.4122467e+01  -2.6411081e+01
  -2.8025384e+01  -1.9624782e+01
  -1.7086916e+01  -1.5388404e+01
  -2.5357352e+01  -3.7038246e+01
  -2.5827681e+01  -2.5100788e+01
  -2.7273061e+01  -1.8492883e+01
  -1.5401060e+01  -2.7410783e+01
  -3.2811421e+01  -1.9812203e+01
  -1.9564896e+01  -2.9735645e+01
  -1.6121510e+01  -1.8649961e+01
  -2.9975401e+01  -3.2843352e+01
  -3.0952344e+01  -2.0603508e+01
  -2.1335972e+01  -2.4966319e+01
  -2.1481138e+01  -3.0458390e+01
  -1.8545350e+01  -2.4014482e+01
  -1.4392513e+01  -2.8603169e+01
  -2.3775664e+01  -2.2853106e+01
  -2.8518558e+01  -2.0696874e+01
  -1.7585108e+01  -2.6786445e+01
  -2.7984216e+01  -1.9842406e+01
  -1.3702069e+01  -3.0416893e+01
  -3.1759038e+01  -2.7009163e+01
  -1.8600470e+01  -2.8113128e+01
  -2.3494036e+01  -3.1757878e+01
  -2.6797855e+01  -1.6641470e+01
  -2.7872140e+01  -3.1056326e+01
  -1.8840492e+01  -2.8204326e+01
  -3.1618585e+01  -2.3901885e+01
  -2.6312942e+01  -1.4931471e+01
  -3.2451324e+01  -3.0561246e+01
  -3.6979044e+01  -2.2599084e+01
  -1.8790760e+01  -1.8040920e+01
  -2.9078300e+01  -1.9590251e+01
  -2.3940422e+01  -2.4881091e+01
  -2.7958070e+01  -2.2847994e+01
  -2.2906352e+01  -3.0708124e+01
  -2.5981059e+01  -2.4899750e+01
  -2.3826817e+01  -1.7814684e+01
  -2.4850771e+01  -2.2752691e+01
  -2.5684399e+01  -2.4310202e+01
  -2.8763011e+01  -2.2334185e+01
  -2.1619743e+01  -2.8370974e+01
  -1.6140555e+01  -3.2724792e+01
  -1.9609557e+01  -3.3330625e+01
  -2.2844593e+01  -2.8000744e+01
  -3.1863623e+01  -2.7960200e+01
  -1.7147537e+01  -2.0776113e+01
  -3.6767746e+01  -1.9725793e+01
  -1.5650201e+01  -1.7084937e+01
  -3.7401731e+01  -2.5604453e+01
  -1.9304946e+01  -1.6478052e+01
  -2.1051787e+01  -2.0100752e+01
  -2.0805969e+01  -2.3617077e+01
  -3.5114469e+01  -2.0132000e+01
  -3.2367080e+01  -2.0228684e+01
  -2.2006916e+01  -1.7187817e+01
  -2.5428139e+01  -3.5272185e+01
  -3.1474706e+01  -2.5169529e+01
  -3.4276441e+01  -2.7421073e+01
  -1.7963315e+01  -1.8263363e+01
  -2.6914307e+01  -3.0006099e+01
  -2.4979819e+01  -2.8012960e+01
  -2.5173585e+01  -3.3530408e+01
  -2.8982091e+01  -2.6769698e+01
  -2.2990147e+01  -2.7647797e+01
  -2.6931981e+01  -2.4005492e+01
  -2.7998706e+01  -1.8901550e+01
  -2.7986735e+01  -2.6735526e+01
  -2.2264032e+01  -2.0756395e+01
  -2.0271933e+01  -3.9280993e+01
  -1.6786175e+01  -2.1598258e+01
  -2.7972955e+01  -2.2671124e+01
  -2.9716225e+01  -3.3324340e+01
  -3.4151204e+01  -3.2843219e+01
  -2.1662092e+01  -2.0229738e+01
  -2.0180849e+01  -1.9906861e+01
  -2.3198136e+01  -2.2678710e+01
  -2.3984486e+01  -2.4184193e+01
  -2.8142790e+01  -1.5754975e+01
  -1.9146135e+01  -2.4609132e+01
  -2.4798103e+01  -3.1771781e+01
  -1.7499094e+01  -2.5673133e+01
  -2.5722701e+01  -2.9896368e+01
  -2.8625714e+01  -2.4946403e+01
  -3.3469201e+01  -2.5667037e+01
  -3.5452712e+01  -3.0033259e+01
  -2.5659427e+01  -2.3539870e+01
  -2.2401743e+01  -1.8685103e+01
  -3.2030309e+01  -2.1800178e+01
  -1.3517360e+01  -2.7840006e+01
  -3.1721998e+01  -2.2437717e+01
  -2.4870769e+01  -2.6872996e+01
  -2.2786789e+01  -2.1962905e+01
  -2.8056284e+01  -2.9318615e+01
  -2.5609293e+01  -2.7195375e+01
  -2.4473576e+01  -2.8267765e+01
  -2.7326715e+01  -2.2852764e+01
  -2.3876138e+01  -1.7913915e+01
  -2.3692877e+01  -1.6415064e+01
  -2.6058631e+01  -2.4141996e+01
  -1.5955352e+01  -3.1230027e+01
  -1.6248594e+01  -2.3117953e+01
  -3.2408137e+01  -2.9293331e+01
  -2.4448127e+01  -2.2840318e+01
  -5.7005841e-01  -5.9949249e+00
   2.9188496e+00  -5.2540136e+00
  -1.8512620e+00  -5.5118763e+00
   2.4717314e+00   7.9757911e+00
   2.6989538e+00   5.7799647e+00
  -1.3173012e+00  -2.5137052e+00
  -1.5340803e+00   1.3907538e+01
  -1.5449471e+00   5.4299026e-01
  -7.1081583e-01  -1.7053538e+00
  -4.0083190e+00  -3.2695817e-01
   9.1344914e-01  -7.2916828e+00
   1.9858354e+00  -2.4623808e-01
  -4.6285521e+00   1.0976529e+01
   1.3246571e+01  -1.1126123e+01
  -1.9785124e+00   1.1550035e+01
   2.4076429e+00   8.5054164e+00
   1.6956620e+00  -4.8300502e+00
  -5.3641097e+00   9.9414464e-01
   5.7344157e+00  -9.4000714e-01
  -1.0149168e+01  -2.2856308e+00
   1.5869502e+00  -6.6340719e+00
   8.9771792e-01  -2.1119360e+00
   5.7295608e+00   3.5821120e+00
   4.2819716e+00  -6.5341709e-01
  -5.7970894e+00  -6.2778137e+00
  -3.2245959e+00   3.4903648e+00
  -1.7770385e+00  -6.6943423e+00
  -1.4700924e+00  -7.7711510e+00
  -9.1606760e+00  -7.2338552e+00
  -5.7574489e+00   9.2863385e-01
   2.6569292e-01  -2.3584069e+00
  -1.0304983e+00   8.7025927e+00
   7.7368762e+00  -7.8491128e+00
   5.1868363e+00  -1.6978579e+00
   3.1632533e+00   4.9910911e+00
  -3.8825566e+00   4.5257542e+00
  -3.9144453e+00   4.4509650e+00
   3.6323257e+00  -1.2949686e+00
   1.4665370e+00   9.0007968e+00
   1.2426068e+00   7.1986179e+00
  -6.5291355e+00  -7.9127543e+00
  -9.8208343e-01   2.8474455e+00
   1.8173332e+00   1.2758229e+00
   4.9506342e+00   1.5459561e+00
   7.9375363e+00   1.6534530e+01
  -1.1997445e+01  -3.1853231e+00
   7.3720565e+00   1.3280242e-01
   5.9792503e+00  -1.0891328e+00
   2.1630119e+00   1.1276292e+00
   1.0413093e+00  -4.2655631e+00
  -4.8560895e+00   5.0716043e+00
   8.7112911e+00   4.6277367e+00
  -2.6498929e+00  -6.4461746e+00
  -5.6940967e+00  -9.4332672e+00
   1.3967339e+00   9.3073089e+00
  -3.6050502e+00   2.0400216e+00
   1.9888544e+00   4.4048559e-03
   3.7735309e+00  -4.8678046e+00
   5.6689275e+00  -2.4994210e+00
   2.7003593e+00   2.5547567e+00
   6.6027568e+00  -2.3631805e+00
   6.4648060e+00   6.2656068e+00
  -7.1857135e-01   4.6128494e+00
  -3.2184887e+00  -1.1962234e+00
  -3.7245468e+00   5.8291726e+00
   6.9558200e+00   3.6589162e+00
  -6.3036485e+00   2.6152709e+00
  -8.5567465e+00   2.8798909e+00
  -2.6805413e+00   2.5732142e+00
  -6.8998470e+00  -2.6600642e+00
  -4.7905222e+00   7.3716536e+00
   1.0907995e+01  -7.0694669e+00
  -3.4768131e+00  -2.4284495e+00
  -1.2808053e+00  -8.0541738e+00
  -2.8236404e+00  -5.0631135e+00
   4.5882670e+00  -1.8942417e+00
  -3.6815578e+00   4.6967575e+00
  -8.5371063e+00   3.4181281e+00
   1.1907578e+01  -5.5058254e+00
   2.1409574e-01  -6.6817277e+00
  -8.0499448e+00  -1.2566865e+00
  -2.7863870e+00   4.6618111e+00
  -2.6033980e+00  -1.0414009e+01
   4.5893270e-02   1.0543589e+01
   1.0431951e+00  -2.5316144e+00
  -9.7110429e-01   6.1971377e+00
   4.2341691e+00  -6.4241047e+00
  -1.5517566e+00  -3.5421870e+00
   1.5135713e+00  -2.2479359e-01
   1.2737297e-01   7.5712558e-01
  -1.1627849e+00   3.3444479e+00
  -7.9800742e+00  -1.1491125e+00
  -2.0892981e+00  -8.5807888e+00
  -1.8949400e+00  -3.4317373e+00
  -7.2693191e+00   3.6015481e+00
   1.7226778e+00   1.9607364e+00
  -4.7415809e+00   4.3235222e+00
  -3.8768847e-01   5.6440787e+00
   1.6713170e+00   2.3649570e+00
   1.5117953e+00   8.8551445e+00
  -1.3654330e+00   1.9606070e+00
  -1.3938765e+00   1.4683210e+00
   3.0412145e+00  -2.5548928e-01
   2.4647558e+00   3.6937419e+00
   4.3396853e-01  -5.5565522e+00
  -2.2188894e+00   6.4624326e+00
   6.4495790e+00  -2.2684741e+00
  -4.8551621e-01  -6.8834223e+00
  -4.0113380e+00  -9.3648232e-01
   3.4538319e+00  -1.2663588e+01
  -4.0531207e+00   7.5028285e-01
   4.1412405e+00  -2.9870568e+00
  -3.8816781e+00   7.3370875e+00
  -5.2543749e+00   8.2233978e-01
  -3.2412252e+00   3.3743190e+00
   1.9937360e-01  -2.0128905e+00
  -8.1223279e+00   2.6827161e-01
  -8.1548370e+00   3.4732311e+00
  -1.0583865e+00  -1.8842681e+00
  -8.3452904e+00   5.0502557e+00
  -8.2484869e-01  -1.4875470e+00
   3.4642874e+00  -9.6451969e-01
   9.6882326e-01   1.3543382e+00
   8.3534587e+00  -6.8435968e+00
  -6.0605303e+00   4.3196202e+00
  -1.0858796e+00  -1.7611342e+00
  -4.1786896e-01  -3.6939733e+00
  -3.9705543e-01  -3.0915706e-01
  -4.7085943e+00  -1.3196271e+01
   9.7759897e-01   5.4183980e-01
  -8.1021135e-01  -3.2180190e+00
  -4.2600673e+00   3.6696026e+00
  -4.0661301e+00   5.7842964e+00
  -2.5635865e+00   6.4535119e-01
  -1.1093218e+00  -2.4239916e+00
   1.9585142e+00  -1.5704556e+00
  -3.1224032e-01  -4.5588359e+00
  -6.7778723e+00  -2.3657606e+00
  -2.3622853e+00   4.1912637e+00
   3.6357721e+00   7.5985049e+00
   6.1416948e+00   4.2285791e+00
   4.8635273e+00  -7.8987776e+00
   3.2797435e+00   1.0494032e+00
   3.8517952e+00   7.7234094e+00
  -3.8551521e+00  -7.7349224e+00
  -5.2930933e+00   7.0334115e+00
  -1.8115843e+00  -3.9884059e+00
   7.4417983e+00   5.0719571e+00
  -4.0303720e+00   7.9467799e-01
  -8.4706180e-01  -3.4318804e+00
  -9.2514758e+00  -7.1423071e+00
   8.3822914e+00  -2.0843477e+00
  -3.3136359e+00   7.0281409e+00
  -3.1022148e+00   7.2558966e+00
  -4.9758696e+00  -6.7471347e+00
   8.9352619e+00  -1.7449974e+00
   5.6253128e+00   7.1521827e+00
   5.4193134e+00   3.1972224e+00
   4.3906149e+00   3.1499171e+00
   2.0751580e+00  -3.2109169e+00
   1.1169852e+00   3.9549603e+00
  -7.8771868e+00  -1.2091689e+00
   7.7807372e-01  -8.5228606e+00
  -7.6107482e-01  -1.2089889e+00
  -2.0468539e+00   1.3064470e+00
   8.0261284e+00  -1.1793205e+01
  -1.6321635e+00  -2.5197588e+00
  -2.0054798e+00   4.7887524e-02
   1.0194563e+01  -2.6948148e+00
   3.0653899e+00   3.9455360e-01
   6.2246797e+00  -2.6973937e+00
  -6.2200329e+00  -1.7674662e+00
   1.7867849e+00   5.4135532e+00
  -5.1983881e+00  -3.4214291e+00
   8.4532582e+00  -8.3162697e+00
   6.3391369e+00  -5.6275614e+00
  -8.4981711e+00  -3.9300041e+00
   6.0702793e+00   1.9173223e+00
   6.0536985e-02  -1.0374232e+00
  -9.7789159e+00  -2.6080684e+00
  -7.7204888e+00  -2.0639715e+00
  -1.3018105e+00  -2.8980444e+00
   1.6427189e+00  -4.4444149e+00
   1.4266263e+00  -6.2527828e+00
   2.4998023e+00  -6.6853001e+00
   5.8325163e+00  -1.2486888e+01
  -6.9563912e-01  -3.1908381e+00
  -8.9334480e+00   2.3519388e+00
  -4.9746756e-01   5.9516840e+00
   2.7489648e-01   3.8596421e+00
  -8.1323549e+00  -2.9184417e+00
  -2.3992337e-01  -5.4432240e+00
  -5.4783687e+00   3.5961574e+00
   4.6014232e+00  -1.7722243e+00
  -6.0400025e+00   6.6687593e+00
   1.9891564e+00  -7.5735671e+00
  -4.2048287e+00   9.0100209e-01
   3.6067215e+00  -2.3317091e-02
   1.2026784e+00   2.6445771e+00
  -3.0190099e+00  -6.1028157e+00
  -1.6923839e+00  -2.2063007e-01
  -2.1196323e+00   1.1102777e+01
  -9.6134260e+00   4.7551441e+00
   4.3077959e-01   6.9589767e-01
  -7.9855051e+00  -4.9613079e-01
  -7.0790726e+00  -9.6093037e-01
   3.6580399e+00   6.0226559e+00
  -1.2303925e+00   3.3486732e+00
  -6.4191787e+00   3.8061962e+00
  -6.8122869e+00  -2.7851852e+00
  -3.4342432e+00   3.5471620e+00
  -2.5272293e+00  -6.2564631e+00
   5.0650496e+00  -9.9409674e-01
  -4.1229983e+00   1.2402250e+00
   1.5950852e+00  -2.9519372e-01
  -8.0168222e+00  -5.2787110e+00
   3.2995184e+00  -1.1584634e+00
   2.7939987e+00   5.2730186e+00
  -1.7132429e+00  -5.8875959e+00
  -1.8268729e+01  -4.4507754e+00
  -1.5699187e+00  -7.3575839e+00
   8.4143926e+00   3.4754298e+00
  -3.5375139e+00  -1.3333197e+00
  -4.4733753e+00   3.5953627e+00
  -6.3798776e-01   1.8580686e+00
  -6.7190106e-01  -5.1487970e+00
   3.2635161e+00   3.9551021e+00
   3.4104336e+00   1.6265380e+00
   1.6881101e+01   5.3792705e+00
   3.3771932e+00  -3.1010158e+00
  -1.7748123e+00   7.1420768e+00
  -7.0245608e+00  -2.1864558e+00
  -1.4284362e+00  -6.6949050e-01
  -7.6604894e+00  -1.3727559e+00
   6.6356984e-01   5.7579999e+00
  -2.8409186e+00   5.8887090e+00
   4.1875124e+00  -1.5910645e+00
  -4.4481160e+00   8.9987796e-01
   2.4158436e+00  -4.8567481e+00
  -6.2692296e+00  -5.0255048e+00
  -2.5624950e-01   2.1653656e+00
  -4.1338069e+00  -2.4851664e+00
  -9.0078515e+00   1.2438249e+01
  -6.6091599e+00   8.7345403e+00
   4.5485333e+00  -1.4905804e+00
   5.8682822e+00   8.5119628e+00
   1.3023442e+01  -7.6539450e-01
   1.6550410e+00  -2.2069348e+00
  -1.9141381e+00  -2.7771640e+00
  -4.5253061e+00   1.5598057e+00
  -1.9551867e-01  -4.8211143e+00
  -1.2832930e+00  -1.0713178e+01
   4.9881397e-01  -4.1988256e+00
  -5.2560247e+00   3.7745150e+00
   4.8813269e+00  -6.7405314e+00
  -2.7240391e+00   7.4333780e+00
   8.2054983e-02  -2.0266245e+00
   6.7824399e+00   6.7994717e+00
   4.3240626e+00  -5.7530539e+00
  -2.0275027e+00  -2.7647298e-01
   3.0689879e+00   1.1938023e+01
   5.7054442e+00  -6.0186283e-01
  -4.4563873e+00  -3.7792085e+00
   1.4510903e+00   6.1780557e+00
   2.5697835e-01  -8.6107041e-01
   5.8792094e-02  -1.1859328e+00
   6.4164139e+00  -6.2682721e+00
  -6.4189939e+00  -1.2762908e+00
  -6.9643406e+00   1.0092593e+00
  -9.4292206e-02  -3.8260525e+00
  -3.8241623e+00  -6.6878823e+00
   7.1837340e+00   1.4357014e+00
  -2.7889687e+00  -2.7759668e+00
  -2.1614586e-01  -4.4393606e+00
  -8.8574320e-01  -2.8217442e+00
  -1.8303376e+00   4.2648055e+00
  -7.7614978e+00   7.9962355e+00
  -4.9895437e+00   2.3922400e-01
   1.3113149e+00  -6.7152549e+00
  -9.8569491e+00  -6.3457544e+00
   6.7586270e-01   5.3954015e+00
  -8.3371434e-01   3.7185810e-01
   5.7830516e+00  -2.7467982e+00
   6.3461742e-01   6.9259793e+00
   1.6086800e+00  -2.0985615e+00
  -1.6516158e+00  -5.5473771e+00
   1.5340524e+00   2.1470789e+00
   6.0687677e+00   4.1782951e+00
   2.3945134e-01   1.1064732e+00
   3.9917700e+00   6.0141855e+00
   2.3832805e-02  -3.9905709e-01
   5.1195673e+00  -2.8299288e+00
   3.4187324e+00  -2.3656805e-01
  -5.8613608e-02  -8.7949122e+00
   7.8974724e+00  -6.7461221e-01
   2.7632368e+00   1.0928328e+01
   4.8657769e+00   5.2544215e+00
  -4.1854861e+00   7.5514814e-01
   7.0745123e+00  -4.8606493e+00
   1.0316833e+00  -8.6680718e+00
  -3.7044515e+00   3.4016659e+00
   5.6102354e+00  -2.2100295e+00
   4.8444610e+00   9.8674856e-01
   2.3820691e+00   4.8184998e-01
  -5.3684418e+00  -3.5580079e+00
   1.2521620e+00  -7.3190323e+00
   1.5051571e+00   3.0708911e+00
   7.3577944e+00   2.9676492e+00
   1.2136709e+01   4.3636872e+00
   3.6122570e+00  -4.6426843e+00
  -3.9612343e+00   2.1331210e+00
   2.9872935e-01  -4.8223157e+00
  -3.4761843e+00   9.9587134e-01
   5.5963838e+00   5.7773082e+00
  -1.2592083e+00   1.1623355e+01
   7.6986218e+00   1.3368321e-01
  -1.4760796e+00   3.3072110e+00
  -6.8627769e+00  -5.0252359e-01
  -4.0627380e+00  -3.5962699e+00
  -7.9292832e+00   2.8985526e+00
  -2.8368191e+00  -8.5882123e+00
   6.1081058e+00  -4.1307473e+00
   3.9580622e+00   2.5277617e+00
  -3.6724696e-01   4.1533254e+00
  -5.7254332e+00   1.9829172e-01
   4.2819214e+00   5.8703110e-01
   8.2845625e+00   3.7912264e+00
  -2.3674374e-01  -4.6846417e-01
  -6.5275445e+00  -1.0800855e+00
  -6.9396645e+00   3.6330061e+00
   1.1890840e+00  -5.5768101e+00
  -3.4712782e+00  -7.8502523e+00
  -3.4192369e+00  -8.1318392e-01
   1.8310738e+00  -3.6819216e+00
   1.1250388e+01  -9.9270165e+00
  -1.4808215e-01   1.2361605e+01
   5.7953344e+00  -2.5748685e+00
   8.5475715e+00  -1.2193648e+01
  -2.1740100e+00  -3.7238465e+00
   3.7144047e+00   3.2878616e+00
   3.2521644e+00  -8.7838106e+00
  -3.9944736e+00  -4.6049075e+00
  -1.5737486e+00  -1.8363565e+00
   9.0996268e+00  -2.3461263e+00
  -1.6223829e+00  -2.3742182e+00
  -1.5939690e+00   5.4958203e+00
  -1.0287750e+00   4.6880530e+00
  -3.9184148e+00  -7.7342497e+00
  -2.7627156e+00  -2.1413367e+00
   5.2815190e+00  -4.1885394e+00
   9.8564957e+00  -2.6341433e+00
   5.8829721e+00  -8.0171405e-01
  -1.2997891e+01  -6.0494127e+00
  -1.8186893e+00  -8.6029252e-01
  -7.2019497e+00   1.6939680e+01
  -2.4813929e+00  -5.6339524e-01
  -5.8553920e+00   2.0417405e+00
   1.1364502e+01   1.0264150e+01
  -2.3572990e+00  -4.3529626e+00
   1.7130905e+00  -1.6389374e+00
  -3.4689481e+00   7.3382284e+00
  -2.8215922e+00   2.0464528e+00
   7.9223255e+00   3.3432080e+00
   4.5189547e-01   8.0894826e-01
  -5.0712223e+00   1.7344487e+00
   5.4090298e+00  -1.0894970e+01
   5.0794005e+00   6.0246283e+00
  -2.1141556e+00   1.0414252e+01
   5.8925332e+00   4.6188552e+00
  -8.4302423e+00   5.5466598e+00
   2.8431701e-01  -2.6180716e+00
  -4.7792515e-02  -1.7860535e+00
   1.3653493e+00   8.0266641e+00
  -2.8748545e+00  -1.1632060e+00
   9.4054507e-01  -2.5233028e-01
   2.7460206e+00   3.1780403e-01
  -2.5324801e+00  -6.2159095e-01
   9.9077378e+00   3.4282999e+00
   1.7654404e+00  -1.0353122e+01
  -2.0376634e+00   8.2210331e-01
  -8.0987638e+00  -1.5940878e+00
   7.4396325e+00   3.7262598e+00
  -7.0224342e-01   2.2755622e+00
   8.5671722e-01  -2.6809058e+00
   6.2801842e+00   6.6559529e+00
   5.3104606e+00   1.1596625e+01
  -2.4871630e+00   1.3007374e+01
  -6.7977426e+00   6.1106042e+00
  -4.5306463e-01  -7.4285840e+00
   5.0438746e+00  -5.4782214e+00
   3.5703882e+00  -8.4075372e+00
  -7.4316032e+00  -6.0603429e-01
  -3.8683274e+00   5.2609734e+00
   1.5425503e+00   2.5386977e-01
  -3.2033391e+00  -9.2181745e-01
   5.2489497e+00   7.5675742e+00
   2.6514849e-01  -3.4089428e+00
   2.5676691e+00   2.0768891e+00
  -7.2536062e+00  -2.2570296e-01
   7.4085551e-01   7.7217706e+00
   2.4445029e+00   2.7709531e+00
  -1.4324085e+00  -7.3783452e+00
  -5.5546731e+00   6.9183117e+00
   1.0121189e-01  -2.5311577e-03
   2.3310003e+00  -1.1599924e+01
  -3.5824409e+00  -6.3542091e-01
  -3.2474457e+00   5.2379605e+00
   4.4529389e+00   3.2134770e+00
  -1.0824297e-01   4.2833009e+00
   3.1956024e+00   2.3017895e+00
   7.1420740e+00  -4.6640687e+00
  -2.0865981e+00   5.8012065e+00
   3.3294371e+00  -3.5851905e+00
  -6.3928207e+00  -4.4308217e+00
   2.7232771e+00  -9.5004296e+00
   8.4869015e+00  -5.8516460e-01
   8.9441942e-01  -1.1372613e+01
   3.6548410e+00  -3.9563095e+00
  -2.2784869e-01  -3.9590424e+00
   5.0869123e+00   4.2945299e+00
   3.4152872e+00  -2.3374374e+00
  -6.0303376e+00  -1.7960605e+00
  -3.5878360e+00   2.0213964e+00
   6.3517478e+00   1.6288164e+00
   4.9607274e+00  -4.8726836e-01
  -4.7679427e+00   7.4905892e+00
   5.0616731e+00  -2.8353620e+00
   9.3089424e-01  -1.1235359e+00
  -1.3792901e-01  -2.5034218e+00
  -3.7665069e+00  -5.4936098e+00
   3.9029963e+00   8.8917272e-01
   2.5348865e+00   1.2302712e+00
   4.2343721e-01   8.5270673e+00
  -2.1760206e+00  -1.2319154e+00
   2.2327019e+00   1.0970318e+01
  -9.2189842e+00   7.6874689e+00
  -6.2923017e+00   1.1126231e+01
  -3.4523207e+00  -5.5568164e+00
  -5.1801404e+00  -2.9349949e+00
  -4.5306268e+00   3.7368617e+00
  -6.6221501e+00   1.3737285e+01
  -3.5906920e-01  -2.2607839e+00
   3.6453278e+00   3.3620261e+00
   8.3494283e-01  -1.4422578e+00
  -4.6902337e+00   6.3931596e-01
  -9.7200403e+00   6.0130393e+00
  -6.2978239e+00  -7.5465317e+00
  -5.7684452e+00   4.6032567e+00
  -5.6452528e+00   2.5319342e+00
  -1.1509312e+00  -3.9277765e+00
  -1.8296176e+00  -1.9961319e+00
   7.6359796e+00  -1.1756692e+01
  -4.3566182e+00  -7.3773986e+00
  -1.3385010e+00   5.5165721e-01
  -3.6075111e+00  -5.1021859e+00
  -6.9324581e-01   6.1444540e-02
  -7.8038255e+00   1.8912785e+00
   7.6697620e+00   6.3596752e-02
  -1.1008909e+00   4.2027776e+00
   5.4668636e+00  -3.2803769e+00
  -2.2023035e+00  -2.8810587e+00
  -7.8856356e-01  -1.1652184e+00
  -1.7205255e+00   1.4003917e+00
  -5.5176102e+00  -5.0578758e+00
   1.9714662e+00  -7.3230490e+00
   2.2260352e+00  -1.9426246e+00
  -9.1484276e+00  -5.9901214e+00
  -2.0558710e-01   5.3884921e+00
   2.4479352e+00  -1.6170599e+00
   4.6520748e+00  -6.4161931e+00
  -1.6616114e+00  -1.0864380e+00
   2.1760994e+00   4.9890949e+00
   1.4089309e-01  -2.8703616e+00
   2.6504159e+00   2.2288749e+00
   6.7199776e+00   1.9203594e+00
   2.6044213e+00   7.4877924e-01
   5.8074028e+00   2.0089081e+00
   3.5436669e+00   6.8460301e+00
   2.4989079e+00   1.7151323e+00
   6.7858566e+00   9.6914875e+00
  -2.4138846e+00  -7.2025997e+00
   3.8728710e-01  -8.1656120e-01
   4.8563630e+00  -2.5873474e+00
   1.0965532e+01  -3.7470373e+00
   8.5095085e+00   6.8181547e+00
   4.1925955e-01  -4.0684987e+00
  -8.1594413e-01  -2.9090141e+00
  -3.5108561e+00  -1.6543399e+00
   3.4207762e+00  -5.0910072e+00
   5.3194696e+00  -1.8054422e+00
   9.0328620e-01   9.4120084e+00
   1.3895443e+00  -6.2235943e+00
  -6.6429524e-01  -7.0032514e+00
   8.2852326e-02   6.8172892e+00
   8.1318858e-02   1.4135048e+00
  -3.1163213e+00   1.0366297e+00
   8.4312467e+00   8.1444756e+00
   6.0335483e+00   6.4435261e+00
   7.8323745e-01  -6.5190244e+00
   1.2762452e+01  -2.9678181e+00
